(10000, 78, 5019, 5030, 5041)
(10001, 4, 5031, 5042, 5053)
(10002, 22, 5029, 5040, 5046, 5052, 5058, 5059)
(10003, 5, 5038, 5033, 5034, 5035, 5030, 5019, 5014, 5009)
(10004, 1, 5020, 5031, 5037, 5043)
(10005, 1, 5046, 5041, 5030, 5019, 5008)
(10006, 9, 5013, 5019, 5025, 5031, 5037, 5043, 5054)
(10007, 13, 5016, 5027, 5033, 5034, 5040, 5051)
(10008, 4, 5052, 5046, 5040, 5034, 5033, 5027, 5016, 5005)
(10009, 4, 5027, 5033, 5034, 5040, 5051)
(10010, 12, 5017, 5028, 5034, 5040)
(10011, 7, 5007, 5013, 5014, 5020, 5031, 5037)
(10012, 18, 5028, 5039, 5050)
(10013, 2, 5027, 5016, 5005)
(10014, 22, 5007, 5013, 5014, 5020, 5031)
(10015, 1, 5029, 5018, 5007, 5001)
(10016, 1, 5006, 5017, 5028, 5039)
(10017, 57, 5034, 5033, 5027, 5016, 5005)
(10018, 1, 5028, 5039, 5050)
(10019, 6, 5047, 5041, 5030, 5019, 5008, 5002)
(10020, 12, 5049, 5038, 5027, 5022, 5017, 5006)
(10021, 27, 5018, 5029, 5040)
(10022, 1, 5019, 5030, 5041, 5047, 5053)
(10023, 14, 5045, 5046, 5041, 5030, 5019, 5008)
(10024, 8, 5028, 5017, 5006)
(10025, 1, 5008, 5019, 5030)
(10026, 1, 5016, 5027, 5033, 5034, 5040, 5046, 5047)
(10027, 51, 5030, 5019, 5008)
(10028, 140, 5019, 5030, 5041, 5052, 5057)
(10029, 90, 5046, 5040, 5034, 5033, 5027, 5016)
(10030, 5, 5051, 5046, 5041, 5030, 5019, 5008)
(10031, 1, 5031, 5025, 5019, 5014, 5009)
(10032, 12, 5055, 5050, 5039, 5034, 5029, 5018)
(10033, 22, 5024, 5025, 5031, 5037, 5043, 5054)
(10034, 2, 5043, 5032, 5021, 5010)
(10035, 4, 5052, 5041, 5030, 5019, 5014, 5009)
(10036, 1, 5051, 5040, 5029, 5018)
(10037, 14, 5045, 5046, 5041, 5030, 5019, 5014, 5009, 5004)
(10038, 2, 5033, 5027, 5016, 5005)
(10039, 23, 5049, 5038, 5027, 5022, 5017, 5012)
(10040, 1, 5009, 5014, 5019, 5030, 5041, 5046, 5045)
(10041, 1, 5033, 5027, 5016, 5005)
(10042, 1, 5045, 5046, 5041, 5030, 5019, 5014, 5009)
(10043, 1, 5007, 5013, 5019, 5030)
(10044, 4, 5050, 5039, 5028)
(10045, 1, 5048, 5047, 5046, 5040, 5034, 5033, 5027, 5016)
(10046, 1, 5041, 5030, 5019)
(10047, 12, 5031, 5025, 5019, 5008, 5002, 5001)
(10048, 4, 5037, 5031, 5025, 5019, 5008)
(10049, 4, 5037, 5036, 5030, 5019, 5008, 5002)
(10050, 2, 5038, 5027, 5016, 5005)
(10051, 41, 5045, 5046, 5041, 5030, 5019, 5014, 5009)
(10052, 36, 5031, 5042, 5053)
(10053, 1, 5029, 5018, 5007)
(10054, 8, 5032, 5043, 5054)
(10055, 1, 5028, 5017, 5006)
(10056, 12, 5017, 5028, 5034, 5040, 5051)
(10057, 143, 5014, 5020, 5031, 5037, 5043)
(10058, 7, 5052, 5046, 5040, 5034, 5033, 5027, 5016)
(10059, 7, 5015, 5014, 5019, 5030, 5041, 5052, 5057, 5056)
(10060, 23, 5049, 5038, 5027, 5016)
(10061, 13, 5016, 5027, 5033, 5034, 5040, 5046, 5047)
(10062, 8, 5038, 5027, 5016)
(10063, 4, 5054, 5048, 5047, 5046, 5040, 5029)
(10064, 13, 5032, 5043, 5054)
(10065, 1, 5032, 5021, 5010)
(10066, 2, 5014, 5019, 5030, 5041, 5052, 5057)
(10067, 7, 5048, 5047, 5046, 5040, 5034, 5033, 5027, 5016, 5005)
(10068, 12, 5000, 5001, 5007, 5013, 5019, 5030)
(10069, 7, 5015, 5014, 5019, 5030, 5041, 5046, 5051, 5056)
(10070, 97, 5046, 5040, 5034, 5033, 5027, 5016)
(10071, 33, 5016, 5027, 5033, 5034, 5040, 5046)
(10072, 1, 5008, 5019, 5030, 5041, 5052, 5057, 5056, 5055)
(10073, 68, 5029, 5018, 5007, 5001)
(10074, 105, 5046, 5040, 5034, 5028, 5017)
(10075, 1, 5004, 5009, 5020, 5031, 5042)
(10076, 56, 5031, 5042, 5053)
(10077, 1, 5005, 5016, 5027, 5033, 5034, 5040)
(10078, 1, 5051, 5046, 5041, 5030, 5019, 5014)
(10079, 9, 5027, 5033, 5034, 5040, 5051)
(10080, 1, 5032, 5043, 5054)
(10081, 1, 5027, 5016, 5005)
(10082, 1, 5016, 5027, 5033, 5034, 5040, 5051)
(10083, 1, 5001, 5007, 5018, 5029, 5040, 5051)
(10084, 27, 5027, 5016, 5005)
(10085, 8, 5014, 5019, 5030, 5041, 5052)
(10086, 8, 5033, 5027, 5016, 5005)
(10087, 9, 5027, 5038, 5049)
(10088, 10, 5030, 5041, 5052)
(10089, 1, 5055, 5049, 5038, 5027, 5016)
(10090, 1, 5016, 5027, 5033, 5039, 5050)
(10091, 10, 5052, 5046, 5040, 5034, 5028)
(10092, 10, 5054, 5048, 5047, 5046, 5040, 5034, 5033, 5027, 5016)
(10093, 10, 5052, 5041, 5030, 5019, 5014, 5015, 5010)
(10094, 71, 5040, 5034, 5033, 5027, 5016)
(10095, 1, 5031, 5042, 5053)
(10096, 2, 5033, 5027, 5016, 5005)
(10097, 7, 5050, 5039, 5034, 5029, 5018, 5007)
(10098, 30, 5027, 5016, 5005)
(10099, 7, 5050, 5039, 5034, 5029, 5018, 5007)
(10100, 1, 5042, 5031, 5025, 5019, 5008)
(10101, 2, 5017, 5028, 5034, 5040, 5046)
(10102, 89, 5027, 5016, 5005)
(10103, 111, 5041, 5030, 5019, 5014, 5015, 5010)
(10104, 1, 5013, 5019, 5030, 5041, 5052)
(10105, 4, 5004, 5009, 5014, 5019, 5030, 5041, 5046, 5045)
(10106, 41, 5039, 5033, 5027, 5016)
(10107, 1, 5016, 5027, 5033, 5039)
(10108, 59, 5031, 5037, 5043, 5054)
(10109, 5, 5051, 5040, 5034, 5028, 5017)
(10110, 2, 5017, 5022, 5027, 5038, 5049)
(10111, 1, 5015, 5020, 5031, 5042, 5053)
(10112, 146, 5019, 5030, 5041, 5047)
(10113, 89, 5027, 5016, 5005)
(10114, 11, 5055, 5049, 5038, 5027)
(10115, 65, 5031, 5042, 5053)
(10116, 42, 5047, 5046, 5040, 5029, 5018)
(10117, 14, 5050, 5045, 5046, 5041, 5030, 5019)
(10118, 20, 5055, 5049, 5038, 5027, 5016)
(10119, 7, 5004, 5009, 5014, 5019, 5030, 5041, 5046, 5045, 5044)
(10120, 1, 5051, 5040, 5034, 5028)
(10121, 105, 5027, 5016, 5005)
(10122, 1, 5037, 5036, 5030, 5019, 5008)
(10123, 33, 5007, 5013, 5019, 5030, 5041, 5052)
(10124, 39, 5020, 5031, 5037, 5043, 5054)
(10125, 10, 5004, 5009, 5014, 5019, 5030, 5041, 5046, 5051)
(10126, 1, 5027, 5016, 5005)
(10127, 1, 5001, 5007, 5013, 5014, 5020, 5031, 5037, 5043, 5054)
(10128, 13, 5052, 5046, 5040, 5034, 5028, 5017)
(10129, 41, 5039, 5034, 5029, 5018, 5007)
(10130, 73, 5046, 5041, 5030, 5019, 5014, 5009)
(10131, 1, 5030, 5019, 5008)
(10132, 117, 5046, 5040, 5029, 5018, 5007, 5001)
(10133, 73, 5030, 5041, 5052, 5058)
(10134, 92, 5046, 5041, 5030, 5019, 5014, 5009)
(10135, 36, 5049, 5038, 5027, 5022, 5017, 5006)
(10136, 1, 5012, 5013, 5019, 5030, 5036, 5037, 5043)
(10137, 68, 5029, 5018, 5007, 5001)
(10138, 42, 5042, 5031, 5025, 5019, 5014)
(10139, 8, 5033, 5027, 5016, 5005)
(10140, 32, 5031, 5025, 5019, 5008, 5002, 5001, 5000)
(10141, 39, 5020, 5031, 5042)
(10142, 4, 5001, 5007, 5013, 5019, 5030, 5041, 5052, 5058)
(10143, 7, 5053, 5042, 5031, 5026, 5021, 5010)
(10144, 13, 5004, 5009, 5014, 5019, 5030, 5041)
(10145, 15, 5004, 5009, 5014, 5019, 5030, 5041, 5046, 5045)
(10146, 73, 5025, 5031, 5037, 5043, 5054)
(10147, 48, 5045, 5046, 5041, 5030, 5019, 5014, 5009, 5004)
(10148, 1, 5027, 5033, 5034, 5040, 5046, 5052)
(10149, 13, 5032, 5043, 5054)
(10150, 2, 5032, 5043, 5054)
(10151, 4, 5001, 5007, 5013, 5019, 5030, 5041)
(10152, 42, 5047, 5046, 5040, 5034, 5033, 5027, 5016, 5005)
(10153, 1, 5028, 5034, 5040, 5046, 5052)
(10154, 12, 5000, 5001, 5007, 5013, 5019, 5030, 5041, 5052)
(10155, 125, 5046, 5040, 5029, 5018, 5007, 5001)
(10156, 26, 5056, 5057, 5052, 5041, 5030, 5019)
(10157, 40, 5031, 5025, 5019, 5008, 5002, 5001, 5000)
(10158, 1, 5029, 5040, 5046, 5047, 5053)
(10159, 33, 5016, 5027, 5033, 5034, 5040)
(10160, 61, 5020, 5031, 5037, 5043)
(10161, 26, 5056, 5057, 5052, 5041, 5030, 5019, 5014, 5015)
(10162, 1, 5039, 5034, 5029, 5018, 5007)
(10163, 1, 5028, 5034, 5040, 5046, 5052)
(10164, 1, 5039, 5033, 5027, 5016, 5005)
(10165, 41, 5007, 5018, 5029, 5040, 5051)
(10166, 2, 5053, 5042, 5031, 5025, 5019, 5014)
(10167, 50, 5007, 5018, 5029, 5040, 5045, 5050)
(10168, 10, 5033, 5027, 5016, 5005)
(10169, 10, 5001, 5007, 5013, 5019, 5030, 5041, 5052)
(10170, 1, 5027, 5033, 5039, 5050)
(10171, 10, 5001, 5007, 5018, 5029, 5040, 5051)
(10172, 48, 5039, 5034, 5029, 5018, 5007)
(10173, 7, 5053, 5047, 5046, 5040, 5034, 5033, 5027)
(10174, 10, 5015, 5020, 5031, 5042, 5053)
(10175, 1, 5052, 5041, 5030, 5019, 5008, 5002, 5001)
(10176, 17, 5004, 5009, 5014, 5019, 5030, 5041, 5046)
(10177, 28, 5027, 5033, 5034, 5040, 5046, 5047, 5053)
(10178, 46, 5047, 5046, 5040, 5034, 5033, 5027, 5016, 5005)
(10179, 5, 5008, 5019, 5030, 5041, 5052, 5058)
(10180, 1, 5051, 5040, 5029, 5018, 5007, 5001)
(10181, 23, 5009, 5020, 5031, 5042, 5053)
(10182, 1, 5038, 5027, 5016)
(10183, 36, 5009, 5020, 5031)
(10184, 1, 5049, 5038, 5027)
(10185, 36, 5027, 5038, 5049)
(10186, 73, 5030, 5041, 5052)
(10187, 58, 5007, 5013, 5019, 5030, 5041, 5047)
(10188, 16, 5054, 5048, 5047, 5046, 5040, 5034, 5033, 5027, 5016, 5005)
(10189, 20, 5010, 5021, 5032, 5043, 5054)
(10190, 6, 5037, 5031, 5025, 5019, 5008, 5002)
(10191, 32, 5055, 5049, 5038, 5027)
(10192, 1, 5021, 5032, 5043, 5054)
(10193, 152, 5014, 5020, 5031, 5037, 5043, 5054)
(10194, 1, 5052, 5046, 5040, 5034, 5033, 5027)
(10195, 46, 5038, 5027, 5016, 5005)
(10196, 16, 5001, 5007, 5013, 5019, 5030, 5041, 5047, 5053)
(10197, 94, 5046, 5041, 5030, 5019, 5008)
(10198, 33, 5016, 5027, 5033, 5034, 5040, 5051)
(10199, 2, 5048, 5047, 5046, 5040, 5034, 5028, 5017)
(10200, 103, 5025, 5031, 5037, 5043, 5054)
(10201, 2, 5032, 5043, 5054)
(10202, 1, 5047, 5046, 5040, 5034, 5033, 5027, 5016)
(10203, 79, 5031, 5042, 5053)
(10204, 46, 5038, 5027, 5016)
(10205, 61, 5038, 5033, 5034, 5035, 5030, 5019, 5014, 5009)
(10206, 61, 5038, 5027, 5016)
(10207, 35, 5055, 5049, 5038, 5027)
(10208, 155, 5019, 5030, 5041, 5046, 5051)
(10209, 105, 5027, 5016, 5005)
(10210, 47, 5013, 5019, 5030, 5041, 5047)
(10211, 13, 5015, 5014, 5019, 5030, 5041, 5046, 5051, 5056)
(10212, 74, 5038, 5027, 5016, 5005)
(10213, 68, 5034, 5033, 5027, 5016, 5005)
(10214, 12, 5017, 5022, 5027, 5038, 5049)
(10215, 134, 5027, 5016, 5005)
(10216, 24, 5028, 5034, 5040, 5046, 5052, 5058)
(10217, 1, 5021, 5032, 5043)
(10218, 134, 5027, 5016, 5005)
(10219, 68, 5029, 5018, 5007, 5001)
(10220, 47, 5018, 5029, 5040)
(10221, 1, 5030, 5019, 5008, 5002, 5001)
(10222, 12, 5017, 5028, 5034, 5040, 5046, 5047, 5053)
(10223, 1, 5030, 5036, 5037, 5043, 5054)
(10224, 7, 5008, 5019, 5030)
(10225, 1, 5021, 5032, 5043)
(10226, 61, 5007, 5013, 5019, 5030, 5041)
(10227, 131, 5046, 5040, 5034, 5033, 5027, 5016)
(10228, 158, 5019, 5030, 5041, 5046, 5045, 5050)
(10229, 48, 5039, 5028, 5017)
(10230, 58, 5047, 5046, 5040, 5034, 5033, 5027, 5016, 5005)
(10231, 1, 5054, 5043, 5037, 5031, 5025, 5019, 5008, 5002)
(10232, 58, 5047, 5046, 5040, 5034, 5033, 5027, 5016, 5005)
(10233, 161, 5019, 5030, 5036, 5037, 5043, 5054)
(10234, 11, 5008, 5019, 5030, 5041)
(10235, 103, 5030, 5041, 5052, 5058)
(10236, 23, 5005, 5016, 5027, 5033, 5039, 5050)
(10237, 47, 5013, 5019, 5030, 5041, 5052, 5058)
(10238, 13, 5052, 5041, 5030, 5019, 5008, 5002)
(10239, 101, 5040, 5029, 5018, 5007)
(10240, 16, 5052, 5046, 5040, 5029)
(10241, 71, 5014, 5019, 5030, 5041, 5052, 5057)
(10242, 22, 5024, 5025, 5031, 5037, 5043, 5054)
(10243, 1, 5055, 5050, 5045, 5046, 5041, 5030, 5019, 5014)
(10244, 42, 5027, 5033, 5034, 5040, 5046, 5052, 5058)
(10245, 137, 5027, 5016, 5005)
(10246, 62, 5047, 5041, 5030, 5019, 5008, 5002, 5001)
(10247, 31, 5017, 5028, 5039)
(10248, 53, 5009, 5020, 5031, 5037, 5043, 5054)
(10249, 42, 5027, 5038, 5049)
(10250, 6, 5032, 5021, 5010)
(10251, 14, 5048, 5047, 5046, 5040, 5034, 5033, 5027, 5016, 5005)
(10252, 85, 5031, 5042, 5053)
(10253, 11, 5008, 5019, 5030, 5041, 5052)
(10254, 28, 5043, 5032, 5021)
(10255, 5, 5051, 5046, 5041, 5030, 5019, 5014, 5009)
(10256, 62, 5047, 5046, 5040, 5034, 5033, 5027, 5016, 5005)
(10257, 6, 5037, 5031, 5025, 5019, 5008, 5002, 5001, 5000)
(10258, 7, 5051, 5046, 5041, 5030, 5019, 5014, 5009)
(10259, 1, 5030, 5041, 5052, 5058)
(10260, 16, 5052, 5046, 5040, 5029, 5018)
(10261, 42, 5055, 5056, 5057, 5052, 5041, 5030, 5019, 5008)
(10262, 137, 5027, 5016, 5005)
(10263, 167, 5019, 5030, 5041, 5046, 5045, 5050, 5055)
(10264, 135, 5025, 5031, 5037, 5043, 5054)
(10265, 72, 5031, 5025, 5019, 5008)
(10266, 23, 5004, 5009, 5020, 5031, 5042)
(10267, 66, 5042, 5031, 5025, 5019, 5014)
(10268, 137, 5046, 5040, 5034, 5033, 5027, 5016, 5005)
(10269, 82, 5031, 5025, 5019, 5008, 5002, 5001, 5000)
(10270, 60, 5027, 5033, 5034, 5040, 5046, 5047, 5048, 5054)
(10271, 170, 5019, 5030, 5041)
(10272, 68, 5029, 5018, 5007)
(10273, 2, 5017, 5028, 5034, 5040, 5051)
(10274, 101, 5040, 5029, 5018, 5007, 5001)
(10275, 67, 5007, 5013, 5019, 5025, 5031, 5037)
(10276, 31, 5017, 5028, 5034, 5040, 5046, 5047, 5053)
(10277, 66, 5047, 5046, 5040, 5034, 5033, 5027, 5016, 5005)
(10278, 28, 5048, 5047, 5046, 5040, 5029, 5018)
(10279, 135, 5030, 5041, 5052, 5058)
(10280, 41, 5056, 5057, 5052, 5041, 5030, 5019)
(10281, 90, 5020, 5031, 5042, 5053)
(10282, 29, 5004, 5009, 5014, 5019, 5030, 5041, 5052)
(10283, 16, 5001, 5007, 5013, 5014, 5020, 5031)
(10284, 32, 5004, 5009, 5014, 5019, 5030, 5041, 5046, 5051)
(10285, 1, 5032, 5021, 5010)
(10286, 53, 5013, 5019, 5030, 5041)
(10287, 52, 5039, 5028, 5017, 5006)
(10288, 135, 5030, 5041, 5052, 5058)
(10289, 45, 5055, 5056, 5057, 5052, 5041, 5030, 5019)
(10290, 41, 5056, 5057, 5052, 5041, 5030, 5019, 5014, 5015)
(10291, 143, 5027, 5016, 5005)
(10292, 149, 5030, 5041, 5052, 5058)
(10293, 90, 5020, 5031, 5042)
(10294, 48, 5055, 5056, 5057, 5052, 5041, 5030, 5019, 5014, 5015)
(10295, 1, 5042, 5031, 5025, 5019, 5014, 5009)
(10296, 51, 5055, 5056, 5057, 5052, 5041, 5030, 5019, 5008)
(10297, 68, 5047, 5041, 5030, 5019, 5008, 5002, 5001)
(10298, 1, 5021, 5032, 5043)
(10299, 1, 5029, 5018, 5007, 5001)
(10300, 1, 5000, 5001, 5007, 5013, 5019, 5030, 5036, 5037, 5043, 5054)
(10301, 38, 5029, 5040, 5046, 5052, 5058, 5059)
(10302, 75, 5029, 5018, 5007)
(10303, 84, 5038, 5027, 5022, 5017, 5006, 5001)
(10304, 28, 5028, 5034, 5040, 5051)
(10305, 149, 5030, 5041, 5052, 5058)
(10306, 54, 5039, 5033, 5027, 5016)
(10307, 61, 5009, 5014, 5019, 5030, 5041, 5046, 5045, 5044)
(10308, 13, 5015, 5014, 5019, 5030, 5041, 5052)
(10309, 54, 5055, 5050, 5045, 5046, 5041, 5030, 5019, 5014, 5009)
(10310, 1, 5017, 5028, 5034, 5040)
(10311, 1, 5013, 5019, 5030, 5041)
(10312, 22, 5054, 5043, 5037, 5036, 5030, 5019, 5008, 5002)
(10313, 64, 5018, 5029, 5040)
(10314, 63, 5033, 5027, 5016, 5005)
(10315, 57, 5055, 5050, 5045, 5046, 5041, 5030, 5019)
(10316, 64, 5039, 5033, 5027, 5016, 5005)
(10317, 22, 5052, 5046, 5040, 5029, 5018, 5007)
(10318, 22, 5032, 5043, 5054)
(10319, 143, 5027, 5016, 5005)
(10320, 16, 5051, 5040, 5029, 5018)
(10321, 66, 5009, 5020, 5031, 5037, 5043, 5054)
(10322, 31, 5012, 5013, 5019, 5030, 5036, 5042)
(10323, 108, 5040, 5034, 5033, 5027, 5016, 5005)
(10324, 70, 5007, 5013, 5019, 5030, 5041, 5052, 5058)
(10325, 75, 5029, 5018, 5007, 5001)
(10326, 77, 5047, 5046, 5040, 5029, 5018)
(10327, 84, 5038, 5027, 5022, 5017, 5006)
(10328, 56, 5050, 5039, 5028, 5017)
(10329, 88, 5031, 5025, 5019, 5008, 5002, 5001)
(10330, 33, 5028, 5034, 5040, 5046, 5052, 5058, 5059)
(10331, 1, 5005, 5016, 5027, 5038, 5049)
(10332, 90, 5014, 5019, 5030, 5041, 5052, 5057)
(10333, 79, 5034, 5033, 5027, 5016, 5005)
(10334, 17, 5008, 5014, 5020, 5031, 5037, 5043, 5054)
(10335, 1, 5029, 5018, 5007, 5001)
(10336, 22, 5008, 5019, 5025, 5031, 5037, 5043, 5054)
(10337, 22, 5052, 5041, 5030, 5019, 5014, 5009)
(10338, 16, 5051, 5040, 5034, 5033, 5027, 5016)
(10339, 19, 5021, 5032, 5043)
(10340, 8, 5037, 5036, 5030, 5019, 5008, 5002, 5001, 5000)
(10341, 34, 5004, 5009, 5014, 5019, 5030, 5041)
(10342, 81, 5009, 5020, 5031)
(10343, 116, 5031, 5037, 5043, 5054)
(10344, 145, 5027, 5016, 5005)
(10345, 92, 5030, 5019, 5008, 5002)
(10346, 40, 5010, 5021, 5032, 5043, 5054)
(10347, 155, 5030, 5041, 5052, 5058)
(10348, 43, 5004, 5009, 5014, 5019, 5030, 5041, 5052)
(10349, 76, 5045, 5046, 5041, 5030, 5019, 5014, 5009)
(10350, 59, 5056, 5057, 5052, 5041, 5030, 5019, 5014)
(10351, 33, 5016, 5027, 5033, 5034, 5040, 5046, 5052)
(10352, 1, 5043, 5032, 5021, 5010)
(10353, 16, 5051, 5040, 5029, 5018, 5007)
(10354, 60, 5055, 5050, 5045, 5046, 5041, 5030, 5019)
(10355, 18, 5051, 5046, 5041, 5030, 5019)
(10356, 22, 5032, 5043, 5054)
(10357, 77, 5047, 5046, 5040, 5034, 5028, 5017)
(10358, 19, 5006, 5011, 5016, 5027, 5038)
(10359, 46, 5004, 5009, 5014, 5019, 5030, 5041, 5046, 5051, 5056, 5055)
(10360, 8, 5032, 5021, 5010, 5004)
(10361, 78, 5007, 5018, 5023, 5022, 5027, 5038)
(10362, 176, 5019, 5030, 5041, 5046, 5045, 5050)
(10363, 28, 5052, 5046, 5040, 5034, 5028, 5017)
(10364, 79, 5029, 5018, 5007, 5001)
(10365, 19, 5021, 5032, 5043)
(10366, 1, 5028, 5034, 5040, 5046, 5052, 5058, 5059)
(10367, 28, 5052, 5046, 5040, 5034, 5033, 5027, 5016, 5005)
(10368, 1, 5029, 5040, 5046, 5052, 5058, 5059)
(10369, 8, 5032, 5021, 5010)
(10370, 49, 5004, 5009, 5014, 5019, 5030, 5041)
(10371, 19, 5015, 5014, 5019, 5030, 5041, 5052)
(10372, 83, 5047, 5041, 5030, 5019, 5014)
(10373, 66, 5013, 5019, 5030, 5041)
(10374, 10, 5037, 5031, 5025, 5019, 5008)
(10375, 95, 5038, 5027, 5022, 5017, 5006)
(10376, 28, 5054, 5043, 5032, 5021, 5015)
(10377, 51, 5010, 5021, 5032)
(10378, 179, 5019, 5030, 5041, 5046, 5045, 5050, 5055)
(10379, 59, 5050, 5039, 5028, 5017)
(10380, 19, 5015, 5014, 5019, 5030, 5041, 5046, 5051, 5056, 5055)
(10381, 33, 5028, 5034, 5040, 5046, 5047, 5048, 5054)
(10382, 54, 5004, 5009, 5014, 5019, 5030, 5041, 5046, 5045, 5050, 5055)
(10383, 17, 5037, 5036, 5030, 5019, 5008, 5002, 5001, 5000)
(10384, 22, 5008, 5019, 5030, 5041, 5046, 5045, 5050, 5055)
(10385, 56, 5004, 5009, 5020, 5031, 5042)
(10386, 31, 5054, 5043, 5037, 5031, 5025, 5019)
(10387, 63, 5049, 5038, 5027, 5022, 5017, 5006, 5001)
(10388, 63, 5055, 5056, 5057, 5052, 5041, 5030, 5019, 5014, 5015)
(10389, 23, 5005, 5016, 5027, 5038)
(10390, 17, 5037, 5036, 5030, 5019, 5008)
(10391, 95, 5038, 5033, 5034, 5035, 5030, 5019, 5014, 5009)
(10392, 1, 5028, 5017, 5006)
(10393, 63, 5033, 5027, 5016, 5005)
(10394, 38, 5029, 5040, 5046, 5052)
(10395, 90, 5031, 5025, 5019, 5014, 5009)
(10396, 72, 5018, 5029, 5034, 5039, 5050)
(10397, 94, 5027, 5033, 5034, 5040, 5046, 5052, 5058)
(10398, 94, 5027, 5033, 5039, 5050)
(10399, 163, 5030, 5041, 5047, 5053)
(10400, 75, 5018, 5029, 5040)
(10401, 59, 5010, 5021, 5032, 5043, 5054)
(10402, 76, 5039, 5033, 5027, 5016, 5005)
(10403, 185, 5014, 5020, 5031, 5037, 5043, 5054)
(10404, 118, 5031, 5042, 5053)
(10405, 145, 5027, 5016, 5005)
(10406, 35, 5028, 5039, 5050)
(10407, 34, 5054, 5043, 5032)
(10408, 73, 5033, 5027, 5016, 5005)
(10409, 1, 5053, 5042, 5031, 5025, 5019, 5014, 5009)
(10410, 41, 5029, 5040, 5046, 5052, 5058)
(10411, 105, 5027, 5038, 5049)
(10412, 10, 5053, 5047, 5046, 5040, 5029, 5018, 5007)
(10413, 124, 5031, 5042, 5053)
(10414, 10, 5053, 5042, 5031, 5025, 5019, 5014, 5009)
(10415, 66, 5055, 5056, 5057, 5052, 5041, 5030, 5019, 5014, 5009)
(10416, 92, 5031, 5025, 5019, 5008, 5002)
(10417, 84, 5009, 5014, 5019, 5030, 5041, 5046, 5051, 5056)
(10418, 22, 5015, 5014, 5019, 5030, 5041, 5052)
(10419, 38, 5008, 5019, 5030, 5041, 5046, 5045, 5050, 5055)
(10420, 20, 5037, 5036, 5030, 5019, 5008, 5002, 5001)
(10421, 76, 5045, 5046, 5041, 5030, 5019, 5008)
(10422, 100, 5020, 5031, 5042, 5053)
(10423, 127, 5031, 5037, 5043, 5054)
(10424, 73, 5028, 5017, 5006)
(10425, 19, 5001, 5007, 5018, 5029, 5040)
(10426, 49, 5037, 5036, 5030, 5019, 5008, 5002, 5001)
(10427, 44, 5016, 5027, 5033, 5034, 5040, 5046, 5052, 5058)
(10428, 62, 5004, 5009, 5020, 5031, 5042, 5053)
(10429, 29, 5005, 5016, 5027, 5033, 5034, 5040, 5046, 5047, 5048, 5054)
(10430, 105, 5027, 5033, 5034, 5040, 5046, 5052)
(10431, 35, 5028, 5034, 5040, 5046, 5047, 5053)
(10432, 69, 5055, 5056, 5057, 5052, 5041, 5030, 5019, 5014, 5009, 5004)
(10433, 1, 5037, 5031, 5025, 5019, 5008, 5002, 5001, 5000)
(10434, 140, 5046, 5040, 5029, 5018, 5007, 5001)
(10435, 65, 5050, 5039, 5028, 5017)
(10436, 130, 5031, 5037, 5043, 5054)
(10437, 143, 5046, 5040, 5034, 5028, 5017)
(10438, 92, 5029, 5018, 5007, 5001)
(10439, 38, 5008, 5019, 5030, 5041, 5046)
(10440, 44, 5016, 5027, 5033, 5034, 5040, 5051)
(10441, 53, 5008, 5019, 5030, 5041, 5046, 5051)
(10442, 51, 5037, 5036, 5030, 5019, 5008, 5002, 5001, 5000)
(10443, 65, 5050, 5039, 5034, 5029, 5018)
(10444, 127, 5030, 5019, 5008, 5002, 5001, 5000)
(10445, 188, 5019, 5030, 5041, 5046, 5045, 5050, 5055)
(10446, 22, 5051, 5040, 5034, 5028)
(10447, 42, 5052, 5046, 5040, 5029)
(10448, 100, 5020, 5031, 5037, 5043)
(10449, 110, 5046, 5041, 5030, 5019, 5014, 5015, 5010)
(10450, 127, 5030, 5019, 5008, 5002)
(10451, 29, 5000, 5001, 5007, 5013, 5019, 5030, 5036, 5037, 5043)
(10452, 16, 5053, 5047, 5046, 5040, 5029, 5018, 5007, 5001)
(10453, 72, 5055, 5056, 5057, 5052, 5041, 5030, 5019, 5014, 5015)
(10454, 1, 5032, 5043, 5054)
(10455, 98, 5031, 5025, 5019, 5008, 5002)
(10456, 100, 5031, 5025, 5019, 5008, 5002, 5001)
(10457, 1, 5011, 5016, 5027, 5038, 5049)
(10458, 16, 5053, 5042, 5031, 5025)
(10459, 29, 5005, 5016, 5027, 5038, 5049)
(10460, 100, 5014, 5019, 5030, 5041, 5046, 5051)
(10461, 113, 5040, 5034, 5033, 5027, 5016, 5005)
(10462, 32, 5048, 5047, 5046, 5040, 5034, 5028, 5017)
(10463, 84, 5007, 5018, 5029, 5034, 5033, 5038)
(10464, 108, 5027, 5038, 5049)
(10465, 80, 5039, 5028, 5017, 5006)
(10466, 113, 5040, 5029, 5018)
(10467, 35, 5005, 5016, 5027, 5038)
(10468, 106, 5031, 5025, 5019, 5008, 5002, 5001, 5000)
(10469, 50, 5016, 5027, 5033, 5034, 5040)
(10470, 42, 5052, 5046, 5040, 5034, 5033, 5027)
(10471, 25, 5015, 5014, 5019, 5030, 5041, 5052, 5057)
(10472, 22, 5032, 5043, 5054)
(10473, 51, 5032, 5021, 5010)
(10474, 31, 5012, 5013, 5019, 5030, 5036, 5037, 5043, 5054)
(10475, 64, 5004, 5009, 5014, 5019, 5030, 5041, 5046, 5051, 5056)
(10476, 157, 5027, 5016, 5005)
(10477, 40, 5054, 5043, 5037, 5036, 5030, 5019, 5008, 5002, 5001)
(10478, 133, 5030, 5019, 5008, 5002, 5001, 5000)
(10479, 19, 5001, 5007, 5013, 5014, 5020, 5031, 5037)
(10480, 87, 5007, 5018, 5029, 5040, 5051)
(10481, 70, 5004, 5009, 5014, 5019, 5024, 5023, 5022, 5027, 5038)
(10482, 48, 5052, 5041, 5030, 5019, 5014, 5009)
(10483, 52, 5052, 5041, 5030, 5019, 5014)
(10484, 1, 5029, 5040, 5046, 5052, 5058, 5059)
(10485, 98, 5007, 5013, 5019, 5025, 5031, 5037, 5043)
(10486, 25, 5015, 5020, 5031, 5042, 5053)
(10487, 120, 5040, 5029, 5018)
(10488, 120, 5040, 5034, 5033, 5027, 5016)
(10489, 92, 5029, 5018, 5007)
(10490, 39, 5028, 5034, 5040, 5046, 5047, 5048, 5054)
(10491, 38, 5043, 5032, 5021, 5015)
(10492, 122, 5040, 5034, 5033, 5027, 5016)
(10493, 100, 5045, 5046, 5041, 5030, 5019, 5014, 5009, 5004)
(10494, 115, 5031, 5025, 5019, 5014, 5009)
(10495, 39, 5028, 5039, 5050)
(10496, 19, 5053, 5042, 5031, 5026, 5021, 5010)
(10497, 37, 5012, 5013, 5019, 5030, 5036, 5037, 5043)
(10498, 73, 5033, 5027, 5016, 5005)
(10499, 114, 5027, 5038, 5049)
(10500, 24, 5032, 5043, 5054)
(10501, 163, 5030, 5041, 5052, 5058)
(10502, 38, 5043, 5037, 5036, 5030, 5019, 5008)
(10503, 100, 5039, 5033, 5027, 5016, 5005)
(10504, 1, 5029, 5040, 5046, 5052)
(10505, 51, 5037, 5036, 5030, 5019, 5008, 5002)
(10506, 53, 5008, 5014, 5020, 5031, 5037)
(10507, 40, 5005, 5016, 5027, 5038, 5049)
(10508, 37, 5021, 5032, 5043)
(10509, 28, 5006, 5011, 5016, 5027, 5038, 5049)
(10510, 149, 5046, 5040, 5034, 5033, 5027, 5016)
(10511, 50, 5016, 5027, 5033, 5039, 5050)