(10000, 1, 5041, 5030, 5019, 5013, 5007)
(10001, 2, 5030, 5041, 5052)
(10002, 1, 5049, 5038, 5027, 5022, 5023, 5018)
(10003, 2, 5030, 5019, 5008)
(10004, 2, 5040, 5034, 5033, 5027, 5016)
(10005, 1, 5028, 5022, 5016, 5005)
(10006, 3, 5006, 5017, 5028, 5034, 5040, 5046, 5047, 5048, 5054)
(10007, 2, 5009, 5020, 5031, 5042, 5047)
(10008, 2, 5028, 5022, 5016, 5005)
(10009, 1, 5005, 5011, 5012, 5018, 5024, 5030, 5036, 5037)
(10010, 2, 5016, 5027, 5038, 5049, 5055)
(10011, 1, 5014, 5019, 5024, 5029, 5040, 5051, 5056)
(10012, 2, 5051, 5046, 5041, 5030, 5019)
(10013, 3, 5053, 5042, 5031, 5020, 5009)
(10014, 1, 5039, 5028, 5023, 5024, 5025, 5026, 5021, 5010)
(10015, 3, 5008, 5019, 5030)
(10016, 1, 5049, 5038, 5027, 5016, 5005)
(10017, 3, 5010, 5021, 5026, 5031, 5042)
(10018, 2, 5030, 5019, 5008)
(10019, 1, 5028, 5017, 5006)
(10020, 1, 5010, 5021, 5026, 5031, 5042, 5053)
(10021, 3, 5005, 5011, 5012, 5018, 5024, 5030, 5041, 5047, 5048, 5054)
(10022, 1, 5048, 5047, 5046, 5040, 5034, 5028, 5017)
(10023, 2, 5027, 5038, 5044, 5045, 5051)
(10024, 2, 5031, 5042, 5053)
(10025, 1, 5026, 5032, 5043, 5054)
(10026, 3, 5027, 5033, 5034, 5040, 5046, 5052, 5058)
(10027, 2, 5019, 5024, 5029, 5040, 5051)
(10028, 3, 5042, 5036, 5030, 5019, 5008)
(10029, 1, 5008, 5019, 5030, 5041, 5047, 5048)
(10030, 1, 5028, 5034, 5040, 5051)
(10031, 2, 5022, 5023, 5024, 5030, 5041, 5052)
(10032, 1, 5034, 5033, 5027, 5016, 5005)
(10033, 3, 5030, 5041, 5052, 5058)
(10034, 3, 5007, 5018, 5024, 5030, 5041, 5052, 5058)
(10035, 3, 5006, 5012, 5018, 5024, 5030, 5036, 5037)
(10036, 1, 5026, 5032, 5043, 5054)
(10037, 3, 5032, 5021, 5010)
(10038, 3, 5030, 5041, 5047, 5048, 5054)
(10039, 1, 5027, 5038, 5044, 5045, 5051)
(10040, 3, 5026, 5032, 5043, 5054)
(10041, 2, 5049, 5038, 5027)
(10042, 3, 5052, 5041, 5030)
(10043, 2, 5031, 5020, 5009)
(10044, 1, 5041, 5030, 5019)
(10045, 1, 5036, 5030, 5019, 5008)
(10046, 1, 5007, 5018, 5029, 5040, 5051, 5056)
(10047, 2, 5053, 5047, 5046, 5040, 5029, 5023)
(10048, 2, 5031, 5037, 5043, 5054)
(10049, 1, 5046, 5045, 5044, 5038, 5027, 5016)
(10050, 1, 5005, 5016, 5027, 5038, 5044)
(10051, 1, 5027, 5016, 5005)
(10052, 2, 5030, 5024, 5023, 5022, 5016, 5005)
(10053, 1, 5027, 5016, 5005)
(10054, 3, 5038, 5033, 5028, 5023, 5024, 5025, 5026, 5021, 5010)
(10055, 2, 5031, 5042, 5053)
(10056, 2, 5054, 5043, 5032)
(10057, 3, 5031, 5020, 5009)
(10058, 1, 5032, 5043, 5054)
(10059, 3, 5046, 5047, 5042, 5031, 5020, 5009)
(10060, 3, 5048, 5047, 5041, 5030, 5019)
(10061, 3, 5011, 5012, 5013, 5019, 5030, 5036, 5037, 5043)
(10062, 3, 5030, 5019, 5008)
(10063, 1, 5006, 5017, 5028, 5034, 5040, 5046, 5047, 5048, 5054)
(10064, 3, 5050, 5044, 5038, 5027, 5016)
(10065, 3, 5009, 5020, 5026, 5032, 5043, 5054)
(10066, 3, 5007, 5018, 5029, 5040, 5051)
(10067, 3, 5040, 5029, 5018)
(10068, 2, 5037, 5036, 5030, 5019, 5008)
(10069, 1, 5027, 5016, 5005)
(10070, 3, 5030, 5024, 5023, 5022, 5016, 5005)
(10071, 1, 5010, 5021, 5026, 5025, 5024, 5023, 5028, 5033, 5038, 5049)
(10072, 1, 5052, 5041, 5030, 5019, 5013)
(10073, 2, 5006, 5017, 5028)
(10074, 3, 5031, 5020, 5009)
(10075, 2, 5008, 5019, 5024, 5023, 5028, 5039, 5050)
(10076, 3, 5019, 5030, 5041)
(10077, 2, 5012, 5018, 5029, 5040, 5051)
(10078, 2, 5051, 5040, 5029, 5018, 5007)
(10079, 3, 5011, 5017, 5028, 5034, 5040, 5046, 5047, 5048, 5054)
(10080, 2, 5043, 5032, 5021, 5010, 5004)
(10081, 3, 5007, 5018, 5024, 5030, 5036)
(10082, 3, 5040, 5029, 5018, 5007)
(10083, 3, 5020, 5031, 5037, 5043, 5054)
(10084, 2, 5019, 5030, 5041)
(10085, 3, 5010, 5021, 5026, 5031, 5042, 5047, 5046, 5051)
(10086, 1, 5053, 5047, 5046, 5040, 5029, 5023)
(10087, 3, 5020, 5031, 5042, 5053)
(10088, 6, 5032, 5043, 5054)
(10089, 1, 5031, 5020, 5009)
(10090, 2, 5006, 5012, 5018, 5024, 5030, 5036)
(10091, 2, 5052, 5041, 5030, 5019, 5013, 5007)
(10092, 1, 5056, 5051, 5040, 5029, 5024, 5019)
(10093, 2, 5043, 5037, 5036, 5030, 5019, 5008)
(10094, 2, 5018, 5029, 5040, 5051, 5057, 5058)
(10095, 2, 5049, 5038, 5027, 5022, 5023, 5018)
(10096, 3, 5052, 5047, 5042, 5031, 5020)
(10097, 1, 5053, 5042, 5031, 5020)
(10098, 1, 5016, 5027, 5038, 5044)
(10099, 2, 5032, 5043, 5054)
(10100, 2, 5005, 5011, 5012, 5018, 5024, 5030)
(10101, 4, 5027, 5016, 5005)
(10102, 1, 5038, 5033, 5028, 5023, 5024, 5019, 5008)
(10103, 1, 5052, 5046, 5040, 5029, 5018, 5007)
(10104, 2, 5007, 5018, 5029, 5040, 5051, 5056)
(10105, 4, 5027, 5016, 5005)
(10106, 2, 5036, 5030, 5024, 5018, 5007)
(10107, 2, 5028, 5039, 5050)
(10108, 2, 5019, 5030, 5036, 5042)
(10109, 1, 5039, 5028, 5017)
(10110, 1, 5026, 5032, 5043, 5054)
(10111, 2, 5019, 5024, 5023, 5028, 5033, 5038, 5049)
(10112, 1, 5006, 5012, 5018, 5024, 5030)
(10113, 3, 5024, 5030, 5036, 5037, 5043, 5054)
(10114, 2, 5047, 5046, 5040, 5029, 5018, 5007)
(10115, 2, 5031, 5042, 5053)
(10116, 3, 5038, 5033, 5028, 5017, 5006)
(10117, 2, 5031, 5037, 5043, 5054)
(10118, 2, 5032, 5021, 5010)
(10119, 1, 5031, 5020, 5009)
(10120, 1, 5041, 5030, 5019)
(10121, 3, 5031, 5042, 5048, 5054)
(10122, 1, 5010, 5021, 5032, 5043, 5054)
(10123, 1, 5046, 5045, 5044, 5038, 5027, 5016, 5005)
(10124, 1, 5019, 5030, 5041, 5047, 5053)
(10125, 3, 5028, 5017, 5006)
(10126, 2, 5056, 5051, 5040, 5029, 5024, 5019, 5008)
(10127, 3, 5043, 5037, 5031, 5020)
(10128, 3, 5016, 5027, 5038)
(10129, 3, 5021, 5026, 5031, 5042, 5047, 5052)
(10130, 5, 5012, 5018, 5029, 5040, 5051, 5057, 5058)
(10131, 1, 5006, 5017, 5028, 5034, 5040, 5046, 5047, 5048, 5054)
(10132, 7, 5027, 5016, 5005)
(10133, 2, 5058, 5057, 5051, 5040, 5029, 5018, 5007)
(10134, 1, 5044, 5038, 5027, 5016)
(10135, 1, 5006, 5017, 5028, 5034, 5040, 5051, 5057)
(10136, 1, 5018, 5024, 5030, 5041, 5047)
(10137, 1, 5010, 5021, 5026, 5031, 5042, 5047)
(10138, 2, 5043, 5037, 5031, 5020)
(10139, 2, 5054, 5048, 5047, 5041, 5030, 5019)
(10140, 20, 5052, 5046, 5040, 5034, 5028, 5017)
(10141, 3, 5047, 5046, 5040, 5029, 5023, 5017, 5006)
(10142, 3, 5049, 5038, 5033, 5028, 5023, 5024, 5025, 5026, 5021)
(10143, 2, 5047, 5046, 5040, 5034, 5028, 5017)
(10144, 3, 5036, 5030, 5019, 5008)
(10145, 1, 5017, 5028, 5039, 5050)
(10146, 3, 5023, 5029, 5040, 5046, 5047, 5048, 5054)
(10147, 2, 5047, 5041, 5030, 5019, 5008)
(10148, 2, 5010, 5021, 5026, 5025, 5024, 5023, 5022, 5027, 5038, 5049)
(10149, 3, 5007, 5018, 5024, 5030, 5041)
(10150, 2, 5037, 5031, 5020, 5009)
(10151, 3, 5030, 5019, 5013, 5007)
(10152, 3, 5028, 5017, 5006)
(10153, 9, 5027, 5016, 5005)
(10154, 2, 5003, 5008, 5019, 5024, 5023, 5028, 5039)
(10155, 2, 5050, 5039, 5028)
(10156, 3, 5010, 5021, 5026, 5025, 5024, 5023, 5022, 5027, 5038)
(10157, 3, 5010, 5021, 5026, 5025, 5024, 5023, 5028, 5033, 5038, 5049)
(10158, 1, 5056, 5051, 5040, 5035, 5030, 5019, 5008)
(10159, 4, 5031, 5020, 5009)
(10160, 3, 5047, 5041, 5030, 5019, 5008)
(10161, 1, 5019, 5030, 5036, 5042)
(10162, 3, 5043, 5032, 5021)
(10163, 2, 5034, 5028, 5017, 5006)
(10164, 3, 5037, 5031, 5025, 5019, 5013, 5007)
(10165, 3, 5027, 5038, 5049, 5055)
(10166, 1, 5048, 5047, 5046, 5040, 5034, 5028, 5022, 5016)
(10167, 1, 5040, 5029, 5023, 5022, 5016)
(10168, 3, 5053, 5047, 5041, 5030, 5019)
(10169, 1, 5019, 5030, 5036, 5037, 5043, 5054)
(10170, 2, 5003, 5008, 5019, 5030, 5041)
(10171, 3, 5029, 5040, 5051)
(10172, 2, 5052, 5046, 5040, 5029, 5018, 5007)
(10173, 2, 5016, 5027, 5038, 5044, 5045, 5051, 5057, 5058)
(10174, 1, 5006, 5017, 5028, 5039)
(10175, 1, 5054, 5048, 5047, 5041, 5030, 5019, 5008)
(10176, 2, 5021, 5026, 5031, 5042, 5047, 5052, 5057)
(10177, 2, 5043, 5032, 5021)
(10178, 1, 5021, 5026, 5031, 5042, 5053)
(10179, 2, 5020, 5031, 5042)
(10180, 2, 5028, 5022, 5016, 5005)
(10181, 2, 5031, 5042, 5053)
(10182, 1, 5019, 5024, 5023, 5022, 5027, 5038, 5049)
(10183, 2, 5041, 5030, 5019, 5013)
(10184, 3, 5050, 5039, 5028)
(10185, 3, 5018, 5023, 5028, 5033, 5038, 5049)
(10186, 1, 5010, 5021, 5026, 5031, 5042, 5047, 5046)
(10187, 2, 5010, 5021, 5026, 5031, 5042, 5047)
(10188, 2, 5022, 5023, 5024, 5030, 5041, 5047, 5053)
(10189, 1, 5008, 5019, 5030, 5036)
(10190, 2, 5028, 5017, 5006)
(10191, 1, 5040, 5029, 5024, 5019, 5008, 5003)
(10192, 1, 5020, 5031, 5037, 5043, 5054)
(10193, 3, 5030, 5041, 5052)
(10194, 2, 5028, 5022, 5016, 5005)
(10195, 1, 5040, 5029, 5023, 5022, 5016, 5005)
(10196, 23, 5046, 5040, 5029, 5023, 5017, 5006)
(10197, 3, 5049, 5038, 5027, 5016, 5005)
(10198, 3, 5037, 5031, 5025, 5024, 5023, 5017, 5011, 5005)
(10199, 2, 5034, 5033, 5027, 5016, 5005)
(10200, 1, 5005, 5011, 5012, 5018, 5029)
(10201, 2, 5028, 5022, 5016, 5005)
(10202, 4, 5040, 5029, 5023, 5017)
(10203, 2, 5008, 5019, 5030, 5041, 5047)
(10204, 2, 5037, 5031, 5025, 5019, 5008)
(10205, 1, 5046, 5040, 5034, 5033, 5027, 5016)
(10206, 1, 5030, 5019, 5008)
(10207, 3, 5034, 5033, 5027, 5016, 5005)
(10208, 2, 5024, 5030, 5036, 5037, 5043, 5054)
(10209, 4, 5052, 5041, 5030)
(10210, 2, 5050, 5039, 5028, 5017, 5006)
(10211, 7, 5049, 5038, 5027, 5022, 5023, 5018, 5007)
(10212, 3, 5048, 5047, 5046, 5040, 5029, 5023, 5022, 5016)
(10213, 2, 5037, 5031, 5020, 5009)
(10214, 14, 5052, 5046, 5040, 5029)
(10215, 2, 5016, 5027, 5038, 5044, 5050)
(10216, 6, 5010, 5021, 5026, 5031, 5042, 5047, 5046, 5051)
(10217, 2, 5033, 5027, 5016, 5005)
(10218, 1, 5021, 5026, 5031, 5042, 5053)
(10219, 5, 5017, 5028, 5039)
(10220, 9, 5012, 5018, 5029, 5040)
(10221, 3, 5005, 5016, 5027, 5038)
(10222, 1, 5034, 5033, 5027, 5016, 5005)
(10223, 1, 5030, 5041, 5052, 5058)
(10224, 2, 5026, 5032, 5043, 5054)
(10225, 2, 5021, 5026, 5031, 5042, 5053)
(10226, 2, 5037, 5031, 5020, 5009)
(10227, 3, 5016, 5027, 5038, 5044, 5045, 5051)
(10228, 2, 5018, 5029, 5040, 5051)
(10229, 2, 5046, 5040, 5029, 5023, 5017)
(10230, 29, 5027, 5016, 5005)
(10231, 2, 5039, 5028, 5023, 5024, 5019, 5008, 5003)
(10232, 2, 5054, 5043, 5032, 5021, 5015)
(10233, 3, 5036, 5030, 5024, 5023, 5017, 5006)
(10234, 1, 5031, 5037, 5043, 5054)
(10235, 2, 5030, 5041, 5047, 5048, 5054)
(10236, 2, 5050, 5039, 5028)
(10237, 7, 5032, 5043, 5054)
(10238, 3, 5016, 5027, 5038, 5049)
(10239, 1, 5029, 5040, 5046, 5047, 5048, 5054)
(10240, 2, 5026, 5032, 5043, 5054)
(10241, 3, 5041, 5030, 5019, 5014, 5009)
(10242, 1, 5012, 5013, 5019, 5030, 5041, 5047, 5053)
(10243, 1, 5042, 5036, 5030, 5019, 5013)
(10244, 1, 5040, 5029, 5024, 5019, 5008, 5003)
(10245, 4, 5052, 5041, 5030, 5019, 5013)
(10246, 2, 5027, 5038, 5049, 5055)
(10247, 4, 5005, 5016, 5027, 5038, 5049)
(10248, 1, 5006, 5017, 5028)
(10249, 3, 5020, 5031, 5042, 5047, 5052)
(10250, 1, 5047, 5046, 5040, 5034, 5028, 5017)
(10251, 29, 5027, 5016, 5005)
(10252, 4, 5030, 5041, 5052)
(10253, 3, 5003, 5008, 5019, 5030, 5041)
(10254, 2, 5008, 5019, 5030, 5036)
(10255, 1, 5030, 5019, 5008)
(10256, 2, 5038, 5033, 5028, 5023, 5024, 5019, 5008)
(10257, 1, 5022, 5023, 5024, 5030, 5041, 5047, 5048, 5054)
(10258, 1, 5037, 5036, 5030, 5024, 5018, 5007)
(10259, 1, 5008, 5019, 5030, 5036)
(10260, 7, 5049, 5038, 5027, 5022, 5017)
(10261, 2, 5055, 5049, 5038, 5027)
(10262, 3, 5019, 5030, 5041, 5047, 5048, 5054)
(10263, 3, 5034, 5033, 5027, 5016, 5005)
(10264, 1, 5051, 5046, 5047, 5042, 5031, 5020)
(10265, 1, 5018, 5024, 5030, 5041)
(10266, 2, 5021, 5026, 5031, 5042, 5053)
(10267, 4, 5007, 5018, 5024, 5030, 5041, 5052)
(10268, 1, 5029, 5018, 5007)
(10269, 2, 5043, 5032, 5021, 5010)
(10270, 1, 5047, 5046, 5040, 5034, 5033, 5027, 5016)
(10271, 4, 5034, 5028, 5017, 5006)
(10272, 2, 5030, 5041, 5052)
(10273, 2, 5018, 5029, 5040)
(10274, 1, 5014, 5019, 5024, 5023, 5028, 5033, 5038, 5049)
(10275, 4, 5040, 5029, 5018, 5007)
(10276, 1, 5018, 5029, 5040)
(10277, 1, 5036, 5030, 5024, 5023, 5022, 5016, 5005)
(10278, 3, 5053, 5048, 5043, 5032, 5021)
(10279, 1, 5051, 5046, 5047, 5042, 5031, 5026, 5021)
(10280, 20, 5040, 5029, 5018)
(10281, 1, 5030, 5041, 5052)
(10282, 2, 5028, 5017, 5006)
(10283, 3, 5003, 5008, 5019, 5024, 5029, 5040)
(10284, 1, 5007, 5018, 5029, 5040, 5051, 5057)
(10285, 1, 5038, 5027, 5016)
(10286, 2, 5010, 5021, 5026, 5025, 5024, 5023, 5028, 5033, 5038, 5049)
(10287, 2, 5012, 5013, 5019, 5030, 5041, 5047, 5048, 5054)
(10288, 2, 5006, 5017, 5028, 5034, 5040, 5051)
(10289, 1, 5027, 5038, 5049, 5055)
(10290, 3, 5009, 5020, 5031, 5042)
(10291, 1, 5039, 5028, 5023, 5018, 5007)
(10292, 4, 5049, 5038, 5033, 5028, 5017, 5006)
(10293, 2, 5005, 5011, 5012, 5018, 5024, 5030, 5036, 5042, 5053)
(10294, 3, 5038, 5033, 5028, 5023, 5018, 5007)
(10295, 6, 5034, 5033, 5027, 5016, 5005)
(10296, 2, 5010, 5021, 5026, 5031, 5042, 5047)
(10297, 1, 5054, 5048, 5047, 5041, 5030)
(10298, 2, 5007, 5018, 5024, 5030, 5036, 5037)
(10299, 29, 5027, 5016, 5005)
(10300, 1, 5042, 5036, 5030, 5019, 5013)
(10301, 4, 5010, 5021, 5032, 5043)
(10302, 4, 5003, 5008, 5019, 5024, 5023, 5028, 5033, 5038)
(10303, 2, 5029, 5018, 5007)
(10304, 1, 5051, 5040, 5029, 5024, 5019, 5008, 5003)
(10305, 2, 5026, 5032, 5043, 5054)
(10306, 2, 5031, 5042, 5053)
(10307, 4, 5027, 5038, 5044, 5045, 5051)
(10308, 1, 5016, 5027, 5038, 5044, 5045, 5051, 5057, 5058)
(10309, 5, 5031, 5020, 5009)
(10310, 1, 5039, 5028, 5023, 5024, 5019, 5008, 5003)
(10311, 1, 5018, 5024, 5030, 5041, 5047)
(10312, 1, 5007, 5018, 5024, 5030)
(10313, 3, 5028, 5039, 5050)
(10314, 1, 5009, 5020, 5031)
(10315, 1, 5038, 5027, 5016)
(10316, 6, 5050, 5044, 5038, 5027)
(10317, 3, 5037, 5031, 5020, 5009)
(10318, 3, 5054, 5048, 5042, 5031)
(10319, 3, 5054, 5048, 5047, 5046, 5040, 5034, 5033, 5027)
(10320, 4, 5020, 5031, 5042, 5053)
(10321, 4, 5010, 5021, 5026, 5025, 5024, 5023, 5028, 5033, 5038, 5049)
(10322, 26, 5040, 5029, 5024, 5019, 5008, 5003)
(10323, 1, 5050, 5044, 5038, 5027, 5016, 5005)
(10324, 2, 5030, 5024, 5023, 5022, 5016, 5005)
(10325, 3, 5051, 5040, 5034, 5028, 5017)
(10326, 3, 5051, 5040, 5029, 5018, 5007)
(10327, 4, 5007, 5012, 5011, 5016, 5027, 5038, 5049)
(10328, 1, 5034, 5028, 5017, 5006)
(10329, 3, 5018, 5024, 5030, 5041, 5047, 5048)
(10330, 13, 5012, 5013, 5019, 5030, 5041, 5047, 5048)
(10331, 2, 5016, 5027, 5038, 5044, 5045, 5051)
(10332, 3, 5021, 5032, 5043)
(10333, 1, 5018, 5029, 5040, 5046, 5047)
(10334, 4, 5010, 5021, 5032)
(10335, 2, 5053, 5042, 5031, 5026, 5021)
(10336, 3, 5046, 5047, 5048, 5043, 5032, 5021, 5010)
(10337, 29, 5052, 5046, 5040, 5034, 5033, 5027, 5016, 5005)
(10338, 4, 5034, 5028, 5017, 5006)
(10339, 1, 5016, 5027, 5038, 5044, 5045)
(10340, 3, 5016, 5027, 5038)
(10341, 2, 5008, 5019, 5024, 5023, 5028, 5039)
(10342, 1, 5020, 5031, 5042, 5048, 5054)
(10343, 2, 5056, 5051, 5040, 5029, 5024, 5019, 5008)
(10344, 1, 5038, 5027, 5016, 5005)
(10345, 1, 5029, 5040, 5051)
(10346, 1, 5053, 5047, 5046, 5045, 5044, 5038, 5027, 5016, 5005)
(10347, 4, 5005, 5016, 5027, 5038, 5049)
(10348, 2, 5030, 5036, 5037, 5043, 5054)
(10349, 9, 5052, 5041, 5030, 5019)
(10350, 4, 5016, 5027, 5038, 5049, 5055)
(10351, 3, 5008, 5019, 5030, 5041, 5047)
(10352, 2, 5038, 5027, 5016)
(10353, 1, 5008, 5019, 5030, 5041)
(10354, 7, 5049, 5038, 5027, 5022, 5023, 5024, 5025, 5026, 5021, 5010)
(10355, 1, 5019, 5030, 5041, 5052, 5058)
(10356, 3, 5028, 5017, 5006)
(10357, 1, 5007, 5018, 5029, 5040, 5051)
(10358, 5, 5034, 5028, 5017, 5006)
(10359, 7, 5005, 5016, 5027, 5033, 5034, 5040, 5051)
(10360, 1, 5028, 5034, 5040, 5051, 5057, 5058)
(10361, 1, 5047, 5046, 5040, 5034, 5033, 5027, 5016)
(10362, 2, 5032, 5043, 5054)
(10363, 23, 5052, 5046, 5040, 5034, 5028, 5017, 5006)
(10364, 3, 5028, 5022, 5016, 5005)
(10365, 4, 5028, 5017, 5006)
(10366, 2, 5046, 5040, 5029, 5018, 5007)
(10367, 12, 5005, 5011, 5012, 5018, 5024, 5030, 5036, 5042, 5053)
(10368, 2, 5029, 5040, 5046, 5052, 5058)
(10369, 3, 5056, 5057, 5052, 5047, 5048, 5043, 5032, 5021, 5010)
(10370, 3, 5030, 5019, 5008)
(10371, 2, 5007, 5018, 5024, 5030, 5041)
(10372, 4, 5030, 5024, 5023, 5017, 5006)
(10373, 3, 5041, 5030, 5019)
(10374, 2, 5009, 5020, 5031, 5042, 5053)
(10375, 2, 5047, 5048, 5043, 5032, 5021, 5010)
(10376, 27, 5040, 5035, 5030, 5019, 5008)
(10377, 2, 5037, 5031, 5025, 5024, 5023, 5017, 5011, 5005)
(10378, 1, 5009, 5020, 5031, 5037, 5043)
(10379, 2, 5056, 5051, 5040, 5029, 5018, 5007)
(10380, 7, 5032, 5043, 5054)
(10381, 1, 5018, 5029, 5040, 5051, 5056)
(10382, 4, 5030, 5041, 5047, 5048, 5054)
(10383, 1, 5023, 5029, 5040, 5051)
(10384, 1, 5032, 5043, 5054)
(10385, 1, 5018, 5029, 5040)
(10386, 4, 5030, 5041, 5052, 5058)
(10387, 3, 5029, 5040, 5051)
(10388, 7, 5049, 5038, 5027, 5022, 5023, 5024, 5025, 5026, 5021, 5010)
(10389, 2, 5053, 5047, 5046, 5040, 5034, 5028)
(10390, 1, 5041, 5030, 5019)
(10391, 1, 5003, 5008, 5019, 5030, 5041, 5046)
(10392, 2, 5008, 5019, 5030, 5041, 5047, 5048, 5054)
(10393, 3, 5019, 5030, 5041, 5052, 5058)
(10394, 14, 5012, 5013, 5019, 5030, 5041, 5047, 5053)
(10395, 7, 5005, 5016, 5027, 5033, 5034, 5040, 5046, 5052)
(10396, 2, 5047, 5046, 5040, 5034, 5033, 5027, 5016, 5005)
(10397, 7, 5005, 5016, 5027, 5033, 5034, 5040, 5046, 5047)
(10398, 30, 5027, 5016, 5005)
(10399, 1, 5033, 5027, 5016, 5005)
(10400, 1, 5054, 5048, 5047, 5041, 5030, 5019)
(10401, 4, 5027, 5033, 5034, 5040, 5051)
(10402, 2, 5053, 5047, 5046, 5040, 5029, 5023, 5017, 5006)
(10403, 3, 5053, 5042, 5031)
(10404, 1, 5047, 5046, 5045, 5044, 5038, 5027, 5016, 5005)
(10405, 1, 5006, 5012, 5018, 5024, 5030, 5041)
(10406, 2, 5029, 5018, 5007)
(10407, 3, 5019, 5030, 5041, 5047, 5048)
(10408, 7, 5019, 5024, 5023, 5022, 5027, 5038, 5049)
(10409, 12, 5046, 5045, 5044, 5038, 5027, 5016)
(10410, 7, 5034, 5033, 5027, 5016, 5005)
(10411, 1, 5027, 5033, 5034, 5040, 5046, 5052, 5058)
(10412, 1, 5039, 5028, 5017, 5006)
(10413, 2, 5039, 5028, 5023, 5024, 5019, 5008)
(10414, 2, 5041, 5030, 5019, 5008)
(10415, 4, 5049, 5038, 5033, 5028, 5023, 5024, 5019, 5008)
(10416, 9, 5052, 5041, 5030, 5019)
(10417, 4, 5019, 5030, 5036, 5037, 5043)
(10418, 2, 5017, 5023, 5029, 5040, 5046, 5052)
(10419, 30, 5027, 5016, 5005)
(10420, 1, 5006, 5017, 5028, 5033, 5038)
(10421, 6, 5010, 5021, 5026, 5031, 5042, 5047, 5046, 5051)
(10422, 8, 5049, 5038, 5027, 5022, 5023, 5024, 5025, 5026, 5021, 5010)
(10423, 1, 5030, 5041, 5052, 5058)
(10424, 5, 5031, 5025, 5019, 5013, 5007)
(10425, 1, 5007, 5018, 5029, 5040, 5046, 5047, 5048)
(10426, 1, 5014, 5019, 5030, 5041, 5052)
(10427, 6, 5017, 5028, 5039, 5050)
(10428, 12, 5005, 5011, 5012, 5018, 5024, 5030, 5041)
(10429, 3, 5008, 5019, 5030, 5036, 5042)
(10430, 7, 5005, 5016, 5027, 5038, 5044, 5045, 5051)
(10431, 4, 5053, 5042, 5031, 5020, 5009)
(10432, 1, 5008, 5019, 5024, 5023, 5022, 5027, 5038)
(10433, 12, 5032, 5043, 5054)
(10434, 4, 5030, 5024, 5023, 5017, 5006)
(10435, 4, 5021, 5026, 5031, 5042, 5047, 5052, 5057, 5056)
(10436, 3, 5056, 5051, 5040, 5029, 5024, 5019)
(10437, 2, 5038, 5033, 5028, 5023, 5024, 5019, 5008)
(10438, 9, 5005, 5016, 5027, 5038, 5049)
(10439, 1, 5038, 5027, 5016, 5005)
(10440, 4, 5028, 5017, 5006)
(10441, 5, 5034, 5028, 5017, 5006)
(10442, 13, 5056, 5051, 5040, 5035, 5030, 5019, 5008)
(10443, 32, 5027, 5016, 5005)
(10444, 23, 5052, 5046, 5040, 5029, 5023, 5022)
(10445, 1, 5053, 5047, 5046, 5040, 5034, 5028)
(10446, 2, 5051, 5040, 5034, 5028)
(10447, 12, 5032, 5043, 5054)
(10448, 1, 5030, 5041, 5047, 5048, 5054)
(10449, 4, 5010, 5021, 5026, 5031, 5042)
(10450, 1, 5030, 5019, 5013, 5007)
(10451, 2, 5031, 5025, 5024, 5023, 5017, 5011, 5005)
(10452, 6, 5021, 5026, 5031, 5042, 5047, 5046, 5051)
(10453, 31, 5040, 5029, 5023, 5022, 5016)
(10454, 8, 5049, 5038, 5027, 5022, 5023, 5024, 5025, 5026, 5021, 5010)
(10455, 11, 5049, 5038, 5027, 5016)
(10456, 7, 5016, 5027, 5038, 5049)
(10457, 1, 5034, 5028, 5017, 5006)
(10458, 3, 5014, 5019, 5030, 5041, 5052, 5057, 5056)
(10459, 2, 5043, 5032, 5021)
(10460, 3, 5008, 5019, 5030, 5041)
(10461, 7, 5016, 5027, 5038, 5044)
(10462, 1, 5051, 5046, 5047, 5048, 5043, 5032, 5021, 5010)
(10463, 13, 5032, 5043, 5054)
(10464, 1, 5054, 5048, 5047, 5046, 5040, 5034, 5033, 5027, 5016)
(10465, 4, 5019, 5030, 5036, 5037, 5043, 5054)
(10466, 4, 5019, 5030, 5041, 5052, 5058)
(10467, 1, 5058, 5057, 5051, 5040, 5029)
(10468, 2, 5022, 5023, 5024, 5030, 5041, 5047, 5048, 5054)
(10469, 1, 5028, 5034, 5040, 5051, 5057, 5058)
(10470, 7, 5052, 5047, 5042, 5031, 5020)
(10471, 2, 5041, 5030, 5019)
(10472, 2, 5051, 5040, 5029, 5024, 5019, 5014)
(10473, 32, 5027, 5016, 5005)
(10474, 4, 5030, 5019, 5013, 5007)
(10475, 4, 5003, 5008, 5019, 5024, 5029, 5040, 5051)
(10476, 23, 5046, 5040, 5029, 5023, 5017)
(10477, 23, 5054, 5048, 5047, 5046, 5040, 5034, 5028, 5017)
(10478, 1, 5037, 5036, 5030, 5024, 5023, 5017, 5006)
(10479, 4, 5030, 5024, 5023, 5017, 5006)
(10480, 2, 5037, 5031, 5025, 5024, 5023, 5017, 5011, 5005)
(10481, 3, 5051, 5045, 5044, 5038, 5027, 5016)
(10482, 6, 5056, 5051, 5040, 5029, 5018)
(10483, 2, 5058, 5057, 5051, 5040, 5034, 5033, 5027, 5016, 5005)
(10484, 2, 5038, 5033, 5028, 5017, 5006)
(10485, 3, 5041, 5030, 5019)
(10486, 2, 5031, 5025, 5019, 5013, 5007)
(10487, 4, 5019, 5030, 5041, 5047)
(10488, 14, 5012, 5013, 5019, 5030, 5041, 5047)
(10489, 2, 5031, 5042, 5053)
(10490, 3, 5042, 5031, 5020)
(10491, 6, 5056, 5051, 5040, 5029, 5024, 5019, 5008, 5003)
(10492, 5, 5010, 5021, 5026, 5031, 5042)
(10493, 1, 5045, 5046, 5047, 5048, 5043, 5032, 5021, 5010)
(10494, 33, 5027, 5016, 5005)
(10495, 35, 5027, 5016, 5005)
(10496, 11, 5049, 5038, 5027)
(10497, 2, 5036, 5030, 5019, 5008)
(10498, 4, 5050, 5039, 5028, 5017, 5006)
(10499, 31, 5046, 5040, 5029, 5023, 5017, 5006)
(10500, 12, 5005, 5011, 5012, 5018, 5024, 5030, 5041, 5052)
(10501, 4, 5054, 5043, 5032)
(10502, 1, 5023, 5029, 5040, 5051)
(10503, 4, 5021, 5026, 5031, 5042, 5053)
(10504, 1, 5032, 5043, 5054)
(10505, 13, 5032, 5043, 5054)
(10506, 7, 5019, 5030, 5041, 5047, 5048)
(10507, 5, 5010, 5021, 5026, 5025, 5024, 5023, 5028, 5033, 5038)
(10508, 1, 5038, 5033, 5028, 5023, 5024, 5019, 5014, 5009)
(10509, 2, 5051, 5040, 5034, 5028, 5017)
(10510, 4, 5018, 5029, 5040)
(10511, 1, 5030, 5041, 5052)