(10000, 19, 5020, 5031, 5042, 5053)
(10001, 12, 5039, 5028, 5017, 5012, 5007)
(10002, 25, 5028, 5039, 5050, 5056, 5057, 5058)
(10003, 9, 5050, 5039, 5028, 5022)
(10004, 1, 5008, 5019, 5025, 5031)
(10005, 22, 5040, 5029, 5018, 5007, 5002, 5003)
(10006, 1, 5028, 5039, 5050)
(10007, 31, 5017, 5023, 5029, 5035, 5041, 5047, 5048)
(10008, 4, 5009, 5020, 5031, 5036, 5035, 5034, 5039)
(10009, 39, 5050, 5039, 5028, 5017, 5012, 5013, 5014, 5015)
(10010, 5, 5008, 5019, 5024, 5023, 5022, 5027, 5038, 5049)
(10011, 20, 5043, 5032, 5021, 5010, 5004, 5003, 5002)
(10012, 1, 5040, 5029, 5018, 5007, 5001)
(10013, 3, 5052, 5046, 5040, 5029, 5023, 5017, 5011)
(10014, 1, 5019, 5030, 5041, 5052)
(10015, 12, 5028, 5017, 5006, 5000)
(10016, 11, 5031, 5020, 5014, 5013, 5007)
(10017, 1, 5055, 5056, 5057, 5058, 5053, 5042, 5031, 5020)
(10018, 25, 5028, 5039, 5050, 5056, 5057, 5058, 5059)
(10019, 1, 5030, 5041, 5047, 5053, 5059)
(10020, 9, 5043, 5032, 5021, 5010, 5004, 5003)
(10021, 37, 5050, 5039, 5028, 5017, 5012, 5013, 5008)
(10022, 1, 5032, 5043, 5054)
(10023, 23, 5051, 5045, 5039, 5028, 5017, 5006, 5000)
(10024, 11, 5050, 5039, 5028, 5017, 5012, 5013, 5014, 5015)
(10025, 1, 5027, 5016, 5005)
(10026, 1, 5054, 5043, 5032)
(10027, 1, 5039, 5028, 5017)
(10028, 34, 5040, 5029, 5018, 5007, 5002)
(10029, 1, 5055, 5056, 5057, 5058, 5053, 5042, 5031, 5020)
(10030, 26, 5016, 5027, 5033, 5034, 5035, 5036, 5042, 5048, 5054)
(10031, 1, 5027, 5016, 5005)
(10032, 12, 5038, 5027, 5016, 5005, 5000)
(10033, 1, 5030, 5019, 5008)
(10034, 13, 5031, 5042, 5053)
(10035, 1, 5054, 5043, 5032, 5021)
(10036, 31, 5031, 5042, 5053, 5059)
(10037, 10, 5031, 5020, 5009, 5003)
(10038, 4, 5017, 5023, 5029, 5035, 5041, 5052)
(10039, 7, 5013, 5012, 5017, 5028, 5039, 5050)
(10040, 13, 5032, 5043, 5054)
(10041, 1, 5020, 5025, 5030, 5041, 5052)
(10042, 8, 5016, 5027, 5033, 5034, 5035, 5036, 5042, 5048)
(10043, 17, 5018, 5029, 5040, 5051, 5057, 5058)
(10044, 4, 5049, 5038, 5027, 5016, 5005, 5000, 5001, 5002, 5003)
(10045, 1, 5032, 5043, 5054)
(10046, 1, 5028, 5039, 5050, 5056, 5057, 5058)
(10047, 31, 5017, 5023, 5029, 5035, 5041, 5047, 5048)
(10048, 32, 5019, 5030, 5041, 5047, 5053)
(10049, 2, 5045, 5046, 5041, 5030, 5019, 5014, 5009, 5004)
(10050, 29, 5041, 5030, 5019, 5008, 5002)
(10051, 1, 5016, 5027, 5038, 5049)
(10052, 13, 5031, 5042, 5053)
(10053, 1, 5006, 5017, 5023, 5029)
(10054, 18, 5027, 5016, 5005)
(10055, 4, 5049, 5038, 5027, 5016, 5005)
(10056, 18, 5010, 5021, 5032, 5043)
(10057, 5, 5037, 5036, 5030, 5019, 5008, 5002)
(10058, 4, 5017, 5023, 5029, 5035, 5041, 5052)
(10059, 3, 5052, 5046, 5040, 5029, 5023, 5017, 5006)
(10060, 6, 5051, 5040, 5029, 5018, 5013, 5008, 5003, 5004)
(10061, 16, 5009, 5020, 5031, 5042, 5053, 5059)
(10062, 16, 5009, 5020, 5031, 5036, 5035, 5034, 5039, 5044)
(10063, 18, 5027, 5016, 5005)
(10064, 22, 5040, 5029, 5018, 5012)
(10065, 1, 5027, 5038, 5049)
(10066, 27, 5050, 5039, 5028, 5017, 5012, 5013, 5014, 5015)
(10067, 10, 5042, 5031, 5020, 5014, 5013, 5007, 5001, 5000)
(10068, 1, 5047, 5046, 5045, 5044, 5038, 5027, 5016)
(10069, 37, 5038, 5027, 5016, 5005, 5000, 5001, 5002, 5003)
(10070, 13, 5028, 5017, 5006, 5000)
(10071, 11, 5049, 5038, 5027, 5016, 5011, 5012, 5013)
(10072, 1, 5017, 5028, 5039, 5045)
(10073, 13, 5005, 5016, 5027, 5038, 5044, 5045, 5046, 5047)
(10074, 30, 5030, 5019, 5013, 5007, 5001)
(10075, 20, 5031, 5020, 5014, 5013, 5007)
(10076, 1, 5028, 5017, 5006)
(10077, 1, 5042, 5031, 5020, 5014, 5013, 5007, 5001)
(10078, 5, 5008, 5019, 5025, 5026, 5032, 5043)
(10079, 13, 5029, 5040, 5051)
(10080, 26, 5050, 5039, 5028, 5017, 5006, 5000)
(10081, 8, 5053, 5047, 5046, 5040, 5029, 5023, 5022)
(10082, 16, 5022, 5023, 5029, 5040, 5051, 5057, 5058)
(10083, 1, 5053, 5042, 5031, 5025, 5019)
(10084, 6, 5007, 5018, 5024, 5030, 5041, 5047, 5053, 5059)
(10085, 1, 5030, 5041, 5047, 5053)
(10086, 40, 5039, 5028, 5017)
(10087, 32, 5019, 5030, 5041, 5047, 5048, 5054)
(10088, 13, 5021, 5032, 5043)
(10089, 1, 5039, 5028, 5017, 5012, 5007)
(10090, 45, 5030, 5041, 5047, 5053, 5059)
(10091, 1, 5043, 5037, 5031, 5025, 5019)
(10092, 39, 5010, 5021, 5032, 5043, 5048, 5047, 5046, 5045, 5050, 5055)
(10093, 17, 5021, 5032, 5037, 5036, 5035, 5034, 5039, 5050)
(10094, 9, 5046, 5045, 5039, 5028, 5022, 5016, 5005)
(10095, 1, 5055, 5056, 5057, 5058, 5053, 5042, 5031, 5020, 5015)
(10096, 5, 5040, 5035, 5030, 5019, 5014, 5015, 5010)
(10097, 19, 5032, 5043, 5054)
(10098, 3, 5051, 5040, 5029, 5018, 5013, 5008)
(10099, 8, 5017, 5028, 5039)
(10100, 8, 5017, 5028, 5039, 5045)
(10101, 5, 5052, 5041, 5030, 5019, 5008, 5002)
(10102, 1, 5029, 5040, 5046, 5052, 5058)
(10103, 1, 5030, 5019, 5013, 5007, 5001)
(10104, 36, 5050, 5039, 5028, 5017, 5012, 5013, 5014, 5009, 5004)
(10105, 9, 5054, 5043, 5032, 5021, 5015, 5014)
(10106, 8, 5016, 5027, 5033, 5034, 5035, 5041, 5052)
(10107, 1, 5027, 5016, 5005)
(10108, 9, 5050, 5039, 5028)
(10109, 1, 5040, 5029, 5018)
(10110, 15, 5017, 5023, 5029, 5035, 5041, 5052)
(10111, 1, 5051, 5045, 5039, 5028)
(10112, 1, 5000, 5001, 5002, 5003, 5009, 5020, 5031)
(10113, 1, 5017, 5028, 5039, 5050)
(10114, 4, 5049, 5038, 5027, 5016, 5011, 5012)
(10115, 26, 5050, 5039, 5028, 5017, 5006, 5001)
(10116, 1, 5030, 5041, 5047, 5053)
(10117, 32, 5021, 5032, 5043, 5048, 5053)
(10118, 13, 5019, 5030, 5041, 5047, 5048)
(10119, 8, 5016, 5027, 5033, 5034, 5035, 5041, 5052)
(10120, 1, 5059, 5058, 5057, 5056, 5050, 5039, 5028, 5017)
(10121, 22, 5029, 5018, 5012, 5006, 5000)
(10122, 4, 5009, 5020, 5031, 5036, 5041)
(10123, 3, 5051, 5045, 5039, 5028, 5017, 5006, 5000)
(10124, 4, 5010, 5021, 5032, 5043, 5048, 5053)
(10125, 38, 5010, 5021, 5032, 5043, 5048)
(10126, 4, 5009, 5020, 5031, 5042, 5053, 5059)
(10127, 39, 5010, 5021, 5032, 5043, 5048, 5047, 5046, 5045, 5050, 5055)
(10128, 37, 5017, 5023, 5029, 5035, 5041, 5052, 5058)
(10129, 37, 5027, 5016, 5005)
(10130, 27, 5038, 5027, 5016)
(10131, 6, 5041, 5030, 5019, 5013)
(10132, 1, 5030, 5041, 5052)
(10133, 15, 5017, 5023, 5029, 5035, 5041, 5047, 5048)
(10134, 7, 5006, 5017, 5028, 5039, 5050, 5055)
(10135, 13, 5032, 5043, 5054)
(10136, 17, 5010, 5021, 5032, 5043, 5048, 5047)
(10137, 18, 5021, 5032, 5037, 5036, 5041, 5052)
(10138, 8, 5031, 5020, 5014, 5013, 5007, 5001, 5000)
(10139, 1, 5051, 5040, 5029)
(10140, 52, 5050, 5039, 5028, 5017, 5012, 5013, 5014, 5009, 5004)
(10141, 1, 5043, 5032, 5021, 5010, 5004)
(10142, 13, 5016, 5027, 5038, 5044)
(10143, 6, 5007, 5018, 5029, 5040, 5051, 5056)
(10144, 1, 5030, 5019, 5008)
(10145, 1, 5016, 5027, 5038, 5049)
(10146, 1, 5059, 5058, 5057, 5056, 5050, 5039, 5028, 5022)
(10147, 1, 5027, 5038, 5049)
(10148, 13, 5031, 5042, 5053, 5059)
(10149, 1, 5029, 5018, 5012, 5006)
(10150, 20, 5041, 5030, 5019, 5008, 5003, 5004)
(10151, 4, 5049, 5038, 5027, 5016)
(10152, 6, 5007, 5018, 5024, 5030, 5041, 5052)
(10153, 13, 5047, 5046, 5040, 5029, 5023, 5017)
(10154, 1, 5053, 5042, 5031)
(10155, 5, 5052, 5041, 5030, 5019, 5008)
(10156, 1, 5032, 5043, 5054)
(10157, 37, 5027, 5016, 5005)
(10158, 1, 5031, 5042, 5053)
(10159, 10, 5020, 5025, 5030, 5041, 5052, 5057)
(10160, 6, 5051, 5040, 5029, 5018, 5013, 5008)
(10161, 22, 5013, 5012, 5017, 5028, 5039, 5044, 5049)
(10162, 4, 5009, 5020, 5031, 5036, 5041)
(10163, 1, 5031, 5042, 5053, 5059)
(10164, 1, 5031, 5042, 5053)
(10165, 4, 5010, 5021, 5032, 5043)
(10166, 1, 5055, 5056, 5057, 5058, 5053, 5042, 5031, 5020, 5015, 5010)
(10167, 18, 5027, 5016, 5005)
(10168, 38, 5027, 5016, 5005)
(10169, 5, 5008, 5019, 5025, 5026, 5032, 5043)
(10170, 1, 5029, 5040, 5046, 5052, 5058)
(10171, 28, 5028, 5039, 5050, 5056, 5057, 5058, 5059)
(10172, 1, 5018, 5029, 5040)
(10173, 4, 5017, 5023, 5029, 5035, 5041, 5047, 5048, 5054)
(10174, 41, 5010, 5021, 5032, 5043, 5048, 5047, 5046, 5045, 5050, 5055)
(10175, 2, 5028, 5039, 5050, 5056, 5057)
(10176, 17, 5021, 5032, 5037, 5036, 5035, 5040, 5051)
(10177, 5, 5052, 5041, 5030, 5019, 5008, 5002)
(10178, 37, 5038, 5027, 5016, 5005, 5000, 5001, 5002, 5003, 5004)
(10179, 6, 5030, 5019, 5013, 5007)
(10180, 16, 5029, 5040, 5046, 5052, 5058, 5059)
(10181, 1, 5043, 5032, 5021)
(10182, 1, 5007, 5018, 5024, 5030, 5041, 5047, 5053)
(10183, 18, 5010, 5021, 5032, 5043, 5048, 5047, 5046, 5045, 5050, 5055)
(10184, 8, 5016, 5027, 5033, 5034, 5035, 5036, 5042)
(10185, 32, 5019, 5030, 5041, 5047, 5053)
(10186, 11, 5053, 5048, 5043, 5032, 5021)
(10187, 10, 5042, 5031, 5020, 5014, 5008)
(10188, 1, 5027, 5038, 5049, 5055)
(10189, 1, 5028, 5017, 5006)
(10190, 9, 5043, 5032, 5021, 5010, 5004, 5003)
(10191, 13, 5021, 5032, 5043)
(10192, 31, 5020, 5031, 5042, 5048)
(10193, 9, 5008, 5019, 5030, 5035, 5040)
(10194, 17, 5009, 5020, 5031, 5036, 5035, 5034, 5039, 5044, 5049)
(10195, 1, 5047, 5046, 5045, 5044, 5038, 5027, 5016)
(10196, 50, 5038, 5027, 5016, 5005, 5000)
(10197, 40, 5039, 5028, 5017, 5011, 5005)
(10198, 1, 5019, 5030, 5041, 5047, 5048, 5054)
(10199, 1, 5027, 5016, 5005)
(10200, 25, 5016, 5027, 5033, 5034, 5040)
(10201, 5, 5052, 5041, 5030, 5019, 5014)
(10202, 1, 5030, 5019, 5008)
(10203, 33, 5030, 5041, 5047, 5053)
(10204, 1, 5041, 5030, 5019, 5008)
(10205, 18, 5027, 5016, 5005)
(10206, 1, 5059, 5058, 5057, 5056, 5050, 5039, 5028, 5022)
(10207, 4, 5010, 5021, 5032, 5043, 5048)
(10208, 1, 5019, 5030, 5041, 5047)
(10209, 24, 5027, 5016, 5005)
(10210, 1, 5027, 5016, 5005)
(10211, 12, 5028, 5017, 5006)
(10212, 11, 5007, 5018, 5024, 5030, 5041, 5047, 5048)
(10213, 9, 5050, 5039, 5028, 5017, 5012)
(10214, 31, 5031, 5042, 5053, 5059)
(10215, 11, 5006, 5017, 5023, 5029, 5040, 5046, 5047, 5053, 5059)
(10216, 1, 5031, 5042, 5053)
(10217, 1, 5032, 5043, 5054)
(10218, 1, 5017, 5022, 5027, 5038, 5049)
(10219, 30, 5030, 5019, 5013, 5007, 5001)
(10220, 7, 5006, 5017, 5028, 5039, 5050, 5056)
(10221, 28, 5028, 5017, 5006, 5000)
(10222, 6, 5043, 5032, 5021, 5010, 5004, 5003, 5002, 5001)
(10223, 29, 5041, 5030, 5019, 5008, 5003)
(10224, 4, 5010, 5021, 5032, 5043, 5048, 5047, 5046)
(10225, 27, 5038, 5027, 5016, 5005, 5000)
(10226, 25, 5028, 5039, 5050, 5056, 5057, 5058, 5059)
(10227, 24, 5027, 5016, 5005)
(10228, 1, 5008, 5019, 5025, 5031)
(10229, 4, 5053, 5042, 5031, 5025)
(10230, 1, 5048, 5047, 5046, 5045, 5044, 5038, 5027, 5016)
(10231, 1, 5042, 5031, 5020, 5015, 5010)
(10232, 13, 5032, 5043, 5054)
(10233, 36, 5018, 5029, 5040, 5045, 5044, 5049)
(10234, 1, 5017, 5028, 5039, 5050, 5056)
(10235, 6, 5008, 5019, 5024, 5023, 5022, 5027, 5038, 5049)
(10236, 32, 5021, 5032, 5043)
(10237, 28, 5028, 5017, 5006, 5000)
(10238, 11, 5006, 5017, 5023, 5024, 5025, 5026, 5032, 5043)
(10239, 1, 5041, 5030, 5019)
(10240, 25, 5017, 5028, 5039, 5050)
(10241, 1, 5031, 5020, 5009)
(10242, 1, 5048, 5047, 5041, 5035, 5029, 5018)
(10243, 8, 5030, 5019, 5008)
(10244, 32, 5021, 5032, 5043, 5054)
(10245, 8, 5031, 5020, 5014, 5013, 5007, 5001, 5000)
(10246, 1, 5029, 5040, 5046, 5052, 5058)
(10247, 1, 5032, 5021, 5010, 5004)
(10248, 13, 5030, 5041, 5047, 5053, 5059)
(10249, 4, 5021, 5032, 5037, 5036, 5035, 5034, 5039, 5050)
(10250, 1, 5048, 5047, 5041, 5035, 5029, 5023, 5017)
(10251, 29, 5028, 5017, 5006, 5000)
(10252, 1, 5054, 5048, 5047, 5041, 5030)
(10253, 20, 5041, 5030, 5019, 5008, 5002)
(10254, 1, 5029, 5040, 5046, 5052)
(10255, 30, 5041, 5030, 5019, 5008, 5002, 5001)
(10256, 8, 5005, 5016, 5027, 5038, 5044, 5045, 5046)
(10257, 23, 5029, 5018, 5012, 5006, 5000)
(10258, 1, 5032, 5021, 5010, 5004)
(10259, 8, 5016, 5027, 5033, 5034, 5035, 5041, 5052)
(10260, 16, 5018, 5029, 5040, 5051, 5057)
(10261, 6, 5008, 5019, 5024, 5023, 5022, 5027, 5038, 5049)
(10262, 1, 5010, 5021, 5032)
(10263, 4, 5021, 5032, 5037, 5036, 5035, 5034, 5039, 5050)
(10264, 9, 5051, 5045, 5039, 5028, 5017, 5006, 5000)
(10265, 4, 5053, 5042, 5031, 5020, 5009, 5003, 5002, 5001)
(10266, 32, 5019, 5030, 5041, 5052, 5057)
(10267, 9, 5046, 5045, 5039, 5028, 5022, 5016)
(10268, 38, 5027, 5016, 5005)
(10269, 4, 5049, 5038, 5027, 5016, 5005, 5000, 5001, 5002, 5003)
(10270, 1, 5052, 5041, 5030)
(10271, 5, 5037, 5036, 5030, 5019, 5008)
(10272, 37, 5038, 5027, 5016, 5005, 5000, 5001, 5002, 5003)
(10273, 36, 5018, 5029, 5040, 5051, 5057)
(10274, 1, 5022, 5023, 5024, 5025, 5026, 5032, 5043, 5054)
(10275, 38, 5021, 5032, 5037, 5036, 5041, 5052)
(10276, 1, 5007, 5018, 5024, 5025, 5031, 5037)
(10277, 22, 5013, 5012, 5017, 5028, 5039, 5044, 5049)
(10278, 1, 5031, 5020, 5014, 5013, 5007)
(10279, 31, 5030, 5019, 5013, 5007, 5001)
(10280, 6, 5041, 5030, 5019, 5008, 5002, 5001)
(10281, 1, 5029, 5040, 5051)
(10282, 11, 5049, 5038, 5027, 5016, 5005, 5000, 5001)
(10283, 19, 5032, 5043, 5054)
(10284, 1, 5052, 5041, 5030)
(10285, 13, 5005, 5016, 5027, 5038, 5044, 5045, 5051)
(10286, 9, 5054, 5043, 5032, 5021, 5010, 5004)
(10287, 17, 5016, 5027, 5033, 5034, 5035, 5036, 5042)
(10288, 20, 5032, 5043, 5054)
(10289, 1, 5042, 5031, 5020, 5014, 5013)
(10290, 1, 5032, 5043, 5054)
(10291, 1, 5053, 5047, 5046, 5040, 5029)
(10292, 11, 5006, 5017, 5023, 5024, 5030)
(10293, 13, 5029, 5040, 5046, 5052, 5058)
(10294, 36, 5018, 5029, 5040, 5051, 5057)
(10295, 5, 5052, 5041, 5030, 5019)
(10296, 1, 5016, 5027, 5038, 5044, 5050)
(10297, 16, 5029, 5040, 5046, 5052)
(10298, 6, 5007, 5018, 5024, 5030, 5041, 5047, 5048)
(10299, 11, 5007, 5018, 5024, 5030, 5041, 5047, 5053)
(10300, 13, 5031, 5042, 5053, 5059)
(10301, 28, 5017, 5028, 5039, 5050, 5056)
(10302, 16, 5029, 5040, 5046, 5052, 5058)
(10303, 6, 5030, 5019, 5013, 5007, 5001, 5000)
(10304, 19, 5052, 5041, 5030, 5019, 5014)
(10305, 4, 5022, 5023, 5029, 5040, 5051, 5057)
(10306, 1, 5029, 5018, 5012, 5006, 5000)
(10307, 1, 5050, 5039, 5028)
(10308, 7, 5032, 5043, 5054)
(10309, 1, 5029, 5018, 5012, 5006)
(10310, 7, 5027, 5016, 5005)
(10311, 1, 5028, 5017, 5006)
(10312, 38, 5010, 5021, 5032, 5043, 5048, 5047, 5052)
(10313, 8, 5029, 5018, 5007)
(10314, 1, 5000, 5001, 5002, 5003, 5004, 5010, 5021, 5032, 5043)
(10315, 9, 5043, 5032, 5021, 5010, 5004)
(10316, 7, 5030, 5019, 5013, 5007, 5001, 5000)
(10317, 17, 5010, 5021, 5032)
(10318, 38, 5021, 5032, 5037, 5036, 5035, 5034, 5039, 5044, 5049)
(10319, 1, 5040, 5029, 5018, 5007, 5002)
(10320, 23, 5040, 5029, 5018, 5007, 5001, 5000)
(10321, 19, 5020, 5031, 5042)
(10322, 9, 5051, 5045, 5039, 5028, 5022)
(10323, 19, 5018, 5029, 5040, 5051)
(10324, 17, 5049, 5038, 5027, 5016, 5011, 5012, 5013)
(10325, 33, 5019, 5030, 5041, 5047, 5053)
(10326, 1, 5016, 5027, 5038, 5049)
(10327, 31, 5020, 5031, 5042, 5053)
(10328, 1, 5029, 5018, 5007)
(10329, 1, 5019, 5030, 5041)
(10330, 25, 5016, 5027, 5033, 5034, 5035, 5036, 5042)
(10331, 1, 5054, 5043, 5032, 5021)
(10332, 9, 5051, 5045, 5039, 5028, 5017)
(10333, 32, 5020, 5031, 5042, 5048)
(10334, 1, 5019, 5030, 5041, 5047, 5048, 5054)
(10335, 11, 5006, 5017, 5023, 5024, 5030)
(10336, 7, 5027, 5016, 5005)
(10337, 11, 5007, 5018, 5024, 5030, 5041, 5047, 5053)
(10338, 4, 5010, 5021, 5032)
(10339, 37, 5038, 5027, 5016, 5005, 5000)
(10340, 4, 5013, 5012, 5017, 5028, 5039, 5050)
(10341, 1, 5027, 5038, 5049)
(10342, 20, 5030, 5019, 5013, 5007, 5001)
(10343, 1, 5043, 5037, 5031, 5020)
(10344, 6, 5051, 5040, 5029, 5018, 5007)
(10345, 1, 5043, 5037, 5031, 5020)
(10346, 13, 5032, 5043, 5054)
(10347, 23, 5038, 5027, 5016, 5005, 5000, 5001, 5002)
(10348, 1, 5053, 5047, 5046, 5040, 5029, 5018)
(10349, 10, 5031, 5020, 5009, 5003)
(10350, 7, 5027, 5016, 5005)
(10351, 1, 5047, 5046, 5045, 5044, 5038, 5027, 5016)
(10352, 7, 5027, 5016, 5005)
(10353, 4, 5047, 5046, 5040, 5029, 5023, 5017)
(10354, 15, 5022, 5023, 5029, 5040, 5051)
(10355, 45, 5021, 5032, 5043, 5048, 5053)
(10356, 11, 5008, 5019, 5030, 5041, 5052, 5057)
(10357, 19, 5032, 5043, 5054)
(10358, 6, 5018, 5029, 5035, 5036, 5042)
(10359, 19, 5032, 5043, 5054)
(10360, 1, 5050, 5039, 5028, 5017)
(10361, 11, 5050, 5039, 5028, 5017, 5012, 5013, 5014, 5015)
(10362, 1, 5042, 5031, 5020)
(10363, 3, 5051, 5040, 5029, 5018, 5007)
(10364, 1, 5032, 5021, 5010, 5004)
(10365, 11, 5053, 5047, 5046, 5040, 5029, 5023, 5017, 5011, 5005)
(10366, 7, 5006, 5017, 5028, 5039, 5050)
(10367, 1, 5016, 5027, 5038, 5044)
(10368, 36, 5050, 5039, 5028, 5017, 5012, 5013, 5014, 5015)
(10369, 1, 5028, 5017, 5006, 5000)
(10370, 24, 5027, 5016, 5005)
(10371, 20, 5054, 5043, 5032, 5021, 5010, 5004, 5003, 5002)
(10372, 7, 5027, 5016, 5005)
(10373, 13, 5005, 5016, 5027, 5038, 5044, 5045, 5046, 5047, 5053)
(10374, 19, 5020, 5031, 5042, 5048, 5054)
(10375, 26, 5050, 5039, 5028, 5017, 5006, 5001)
(10376, 16, 5009, 5020, 5031, 5036, 5035, 5034, 5039, 5044)
(10377, 1, 5054, 5043, 5032, 5021, 5010, 5004, 5003)
(10378, 4, 5021, 5032, 5037, 5036, 5035, 5040, 5051)
(10379, 13, 5029, 5040, 5046, 5052)
(10380, 17, 5021, 5032, 5037, 5036, 5035, 5034, 5039, 5044, 5049)
(10381, 8, 5017, 5022, 5027, 5038, 5049)
(10382, 27, 5038, 5027, 5016, 5005, 5000, 5001, 5002)
(10383, 1, 5018, 5029, 5040)
(10384, 1, 5040, 5029, 5018, 5007)
(10385, 6, 5007, 5018, 5029, 5040)
(10386, 23, 5013, 5012, 5017, 5028, 5039, 5044, 5049)
(10387, 13, 5016, 5027, 5038, 5044)
(10388, 9, 5020, 5025, 5030, 5041, 5052)
(10389, 29, 5030, 5019, 5013, 5007)
(10390, 1, 5031, 5020, 5014, 5013, 5007, 5001)
(10391, 9, 5046, 5045, 5039, 5028, 5022, 5016, 5005)
(10392, 6, 5043, 5037, 5031, 5025, 5019)
(10393, 1, 5007, 5018, 5029)
(10394, 3, 5043, 5032, 5021)
(10395, 1, 5030, 5041, 5047, 5053)
(10396, 11, 5032, 5043, 5054)
(10397, 1, 5045, 5046, 5041, 5030, 5019, 5014, 5009)
(10398, 1, 5027, 5038, 5049)
(10399, 18, 5027, 5016, 5005)
(10400, 9, 5051, 5045, 5039, 5028, 5017)
(10401, 37, 5027, 5016, 5005)
(10402, 36, 5050, 5039, 5028, 5017, 5011)
(10403, 1, 5031, 5042, 5053, 5059)
(10404, 9, 5028, 5039, 5050, 5056, 5057)
(10405, 4, 5006, 5017, 5028, 5039, 5050, 5056, 5057)
(10406, 1, 5039, 5028, 5017, 5012, 5007)
(10407, 15, 5007, 5018, 5029, 5040, 5051, 5056, 5055)
(10408, 1, 5029, 5018, 5012, 5006, 5000)
(10409, 13, 5030, 5041, 5047, 5053, 5059)
(10410, 34, 5040, 5029, 5018, 5007, 5002, 5003)
(10411, 9, 5043, 5032, 5021, 5010, 5004, 5003)
(10412, 9, 5028, 5039, 5050)
(10413, 7, 5013, 5012, 5017, 5028, 5039, 5050)
(10414, 3, 5051, 5045, 5039, 5028, 5022)
(10415, 53, 5027, 5016, 5005)
(10416, 36, 5018, 5029, 5040, 5046)
(10417, 32, 5032, 5043, 5054)
(10418, 20, 5031, 5042, 5053)
(10419, 46, 5030, 5041, 5047, 5053, 5059)
(10420, 13, 5032, 5043, 5054)
(10421, 1, 5013, 5014, 5015, 5021, 5032, 5043)
(10422, 5, 5037, 5036, 5030, 5019, 5008, 5002)
(10423, 20, 5031, 5042, 5053)
(10424, 1, 5039, 5028, 5017)
(10425, 4, 5022, 5023, 5029, 5040, 5051, 5057, 5058)
(10426, 39, 5050, 5039, 5028, 5017, 5012, 5013, 5014, 5009)
(10427, 36, 5050, 5039, 5028, 5017, 5012, 5013, 5014, 5015)
(10428, 8, 5017, 5028, 5039, 5050, 5056)
(10429, 1, 5028, 5039, 5050, 5056, 5057)
(10430, 38, 5010, 5021, 5032, 5043, 5054)
(10431, 17, 5049, 5038, 5027, 5016, 5011, 5012, 5013)
(10432, 1, 5039, 5028, 5017)
(10433, 32, 5032, 5043, 5054)
(10434, 27, 5006, 5017, 5023, 5029, 5040, 5046, 5047, 5053, 5059)
(10435, 22, 5029, 5018, 5007)
(10436, 14, 5016, 5027, 5038, 5044)
(10437, 3, 5051, 5040, 5029, 5018)
(10438, 11, 5008, 5019, 5030, 5041, 5052, 5058)
(10439, 2, 5031, 5020, 5009, 5003)
(10440, 6, 5030, 5019, 5013, 5007, 5001)
(10441, 17, 5009, 5020, 5031, 5036, 5035, 5034, 5039, 5044)
(10442, 1, 5030, 5019, 5008)
(10443, 1, 5047, 5046, 5045, 5044, 5038, 5027, 5016)
(10444, 6, 5051, 5040, 5029, 5018, 5013, 5008, 5003)
(10445, 44, 5032, 5043, 5054)
(10446, 9, 5050, 5039, 5028, 5022)
(10447, 12, 5039, 5028, 5017, 5006)
(10448, 19, 5020, 5031, 5042)
(10449, 49, 5038, 5027, 5016, 5005)
(10450, 1, 5045, 5046, 5041, 5030, 5019, 5008)
(10451, 16, 5051, 5040, 5029, 5018, 5013, 5008)
(10452, 1, 5028, 5039, 5050, 5056, 5057, 5058)
(10453, 23, 5051, 5045, 5039, 5028, 5017, 5006)
(10454, 19, 5017, 5023, 5029, 5035, 5041, 5047, 5048)
(10455, 10, 5020, 5025, 5030, 5041, 5052, 5057, 5056, 5055)
(10456, 31, 5020, 5031, 5042, 5048)
(10457, 1, 5017, 5028, 5039, 5045)
(10458, 1, 5053, 5042, 5031, 5025)
(10459, 4, 5022, 5023, 5029, 5040, 5051, 5057)
(10460, 43, 5020, 5031, 5042, 5053)
(10461, 8, 5053, 5047, 5046, 5040, 5029, 5023, 5017, 5011)
(10462, 1, 5007, 5018, 5029)
(10463, 13, 5029, 5040, 5046, 5052)
(10464, 4, 5022, 5023, 5029, 5040, 5051, 5057)
(10465, 1, 5031, 5020, 5014, 5013, 5007)
(10466, 13, 5016, 5027, 5038, 5044)
(10467, 13, 5016, 5027, 5038, 5044)
(10468, 9, 5053, 5047, 5046, 5040, 5029, 5023, 5017)
(10469, 9, 5043, 5032, 5021, 5010, 5004, 5003, 5002, 5001)
(10470, 32, 5031, 5042, 5053, 5059)
(10471, 23, 5038, 5027, 5016, 5005)
(10472, 1, 5041, 5030, 5019, 5008)
(10473, 1, 5040, 5029, 5018, 5012)
(10474, 45, 5030, 5041, 5052)
(10475, 53, 5027, 5016, 5005)
(10476, 26, 5016, 5027, 5033, 5034, 5035, 5036, 5042, 5048, 5054)
(10477, 15, 5022, 5023, 5029, 5040, 5051)
(10478, 3, 5052, 5046, 5040, 5029, 5023, 5017, 5006)
(10479, 31, 5020, 5031, 5042, 5048, 5054)
(10480, 1, 5032, 5021, 5010)
(10481, 1, 5059, 5058, 5057, 5056, 5050, 5039, 5028, 5022)
(10482, 4, 5009, 5020, 5031, 5042, 5053, 5059)
(10483, 1, 5007, 5018, 5024, 5030)
(10484, 4, 5021, 5032, 5037, 5036, 5035, 5034, 5039, 5044, 5049)
(10485, 37, 5018, 5029, 5040, 5051, 5057, 5058)
(10486, 4, 5057, 5058, 5053, 5042, 5031, 5026, 5021)
(10487, 33, 5030, 5041, 5047, 5053)
(10488, 9, 5028, 5039, 5050, 5056, 5057)
(10489, 1, 5008, 5019, 5025, 5026, 5032)
(10490, 3, 5040, 5029, 5018, 5007, 5001)
(10491, 9, 5054, 5043, 5032, 5021, 5010, 5004, 5003, 5002, 5001)
(10492, 15, 5007, 5018, 5029, 5040, 5051, 5056)
(10493, 59, 5027, 5016, 5005)
(10494, 32, 5021, 5032, 5043, 5048, 5053)
(10495, 8, 5053, 5047, 5046, 5040, 5029)
(10496, 4, 5057, 5058, 5053, 5042, 5031, 5026, 5021)
(10497, 34, 5040, 5029, 5018, 5007, 5002)
(10498, 8, 5031, 5020, 5014, 5013, 5007, 5001, 5000)
(10499, 9, 5020, 5025, 5030, 5041, 5052)
(10500, 49, 5038, 5027, 5016, 5005, 5000, 5001, 5002)
(10501, 32, 5031, 5042, 5053, 5059)
(10502, 1, 5028, 5017, 5006)
(10503, 14, 5031, 5042, 5053, 5059)
(10504, 13, 5005, 5016, 5027, 5038, 5044, 5045, 5046)
(10505, 26, 5050, 5039, 5028, 5022)
(10506, 9, 5020, 5025, 5030, 5041, 5052)
(10507, 19, 5040, 5035, 5030, 5019, 5014, 5015, 5010)
(10508, 20, 5030, 5019, 5013, 5007, 5001, 5000)
(10509, 1, 5006, 5017, 5028)
(10510, 4, 5046, 5045, 5039, 5028, 5022, 5016)
(10511, 4, 5022, 5023, 5029, 5040, 5051, 5057, 5058)