(10000, 6, 5025, 5031, 5042, 5053)
(10001, 4, 5005, 5011, 5012, 5018, 5024, 5025, 5031, 5042, 5053, 5059)
(10002, 6, 5011, 5012, 5018, 5024, 5025, 5031, 5042, 5053, 5059)
(10003, 1, 5018, 5024, 5025, 5031, 5042, 5053)
(10004, 37, 5016, 5027, 5038, 5049)
(10005, 131, 5018, 5029, 5040)
(10006, 7, 5039, 5028, 5023, 5018, 5007, 5002)
(10007, 4, 5011, 5016, 5027, 5038, 5049)
(10008, 34, 5030, 5024, 5018, 5012, 5011, 5005)
(10009, 7, 5054, 5043, 5032, 5021, 5010)
(10010, 7, 5023, 5024, 5025, 5031, 5042, 5053, 5059)
(10011, 1, 5006, 5012, 5018, 5029, 5040)
(10012, 1, 5051, 5040, 5029, 5023)
(10013, 1, 5057, 5051, 5045, 5044, 5038, 5027, 5016, 5005)
(10014, 4, 5028, 5017, 5011, 5005)
(10015, 4, 5032, 5043, 5054)
(10016, 4, 5015, 5014, 5013, 5018, 5023, 5028, 5033, 5038, 5049)
(10017, 1, 5053, 5042, 5031, 5025, 5024, 5018, 5007)
(10018, 6, 5040, 5029, 5024, 5025, 5026, 5021, 5010)
(10019, 61, 5011, 5012, 5018, 5029, 5040, 5051)
(10020, 12, 5020, 5031, 5042, 5053)
(10021, 30, 5032, 5043, 5054)
(10022, 12, 5050, 5039, 5028, 5023, 5018)
(10023, 7, 5051, 5040, 5029, 5018, 5007, 5002)
(10024, 8, 5042, 5031, 5020, 5009, 5003)
(10025, 9, 5030, 5041, 5052)
(10026, 1, 5023, 5029, 5040, 5051, 5057)
(10027, 134, 5018, 5024, 5025, 5031, 5042, 5053)
(10028, 13, 5041, 5030, 5024, 5018, 5007)
(10029, 87, 5031, 5025, 5024, 5018, 5012, 5011, 5005)
(10030, 1, 5009, 5015, 5021, 5032)
(10031, 6, 5004, 5009, 5020, 5031, 5042)
(10032, 46, 5023, 5024, 5025, 5031, 5042, 5053, 5059)
(10033, 1, 5004, 5009, 5020, 5025, 5024, 5029, 5040, 5051)
(10034, 4, 5029, 5040, 5051)
(10035, 17, 5019, 5025, 5031, 5042)
(10036, 50, 5023, 5029, 5040, 5051, 5057)
(10037, 4, 5009, 5020, 5031, 5042, 5047)
(10038, 69, 5011, 5012, 5018, 5029, 5040, 5051)
(10039, 6, 5004, 5009, 5020, 5025, 5024, 5029, 5034, 5033, 5038, 5049)
(10040, 9, 5025, 5031, 5042, 5053, 5059)
(10041, 7, 5045, 5040, 5029, 5018, 5007, 5002)
(10042, 1, 5029, 5018, 5007)
(10043, 1, 5006, 5017, 5028, 5039, 5050)
(10044, 1, 5030, 5041, 5052)
(10045, 12, 5004, 5009, 5020, 5031, 5042, 5053, 5058)
(10046, 1, 5040, 5029, 5018, 5007, 5002, 5003)
(10047, 13, 5041, 5030, 5019)
(10048, 1, 5046, 5045, 5044, 5038, 5027, 5016, 5005)
(10049, 43, 5017, 5028, 5039)
(10050, 138, 5029, 5040, 5051, 5057)
(10051, 2, 5032, 5026, 5020, 5009)
(10052, 7, 5059, 5053, 5042, 5031)
(10053, 1, 5031, 5020, 5009, 5003)
(10054, 10, 5038, 5033, 5034, 5029, 5018, 5007, 5002, 5003, 5004)
(10055, 39, 5045, 5040, 5029, 5024, 5025, 5026, 5021, 5010)
(10056, 6, 5043, 5032, 5026, 5025, 5024, 5018, 5012)
(10057, 12, 5005, 5011, 5012, 5018, 5024, 5030)
(10058, 10, 5059, 5053, 5042, 5031, 5025, 5024, 5018, 5012, 5006)
(10059, 176, 5024, 5025, 5031, 5042, 5053, 5059)
(10060, 39, 5028, 5017, 5006)
(10061, 24, 5041, 5030, 5019)
(10062, 76, 5020, 5031, 5042, 5053, 5058)
(10063, 1, 5038, 5027, 5016, 5005)
(10064, 61, 5032, 5043, 5054)
(10065, 1, 5049, 5038, 5027, 5016)
(10066, 1, 5031, 5042, 5053)
(10067, 4, 5049, 5038, 5033, 5028, 5023, 5018, 5013)
(10068, 24, 5046, 5045, 5044, 5038, 5027, 5016)
(10069, 84, 5038, 5033, 5034, 5029, 5018, 5007)
(10070, 1, 5004, 5009, 5020, 5031, 5042)
(10071, 53, 5023, 5029, 5040, 5051)
(10072, 1, 5050, 5039, 5028, 5023, 5024, 5025, 5026, 5021)
(10073, 43, 5040, 5029, 5018, 5007, 5002)
(10074, 1, 5012, 5018, 5024, 5025, 5026, 5032, 5043)
(10075, 55, 5045, 5040, 5029, 5018, 5007)
(10076, 12, 5050, 5039, 5028, 5023, 5018, 5007)
(10077, 87, 5038, 5027, 5016)
(10078, 113, 5031, 5020, 5009, 5003)
(10079, 1, 5043, 5032, 5026, 5025, 5019)
(10080, 7, 5049, 5038, 5033, 5028, 5023, 5018, 5007)
(10081, 79, 5040, 5029, 5018, 5007, 5002, 5003)
(10082, 13, 5053, 5042, 5031, 5025, 5024, 5018, 5007)
(10083, 49, 5028, 5017, 5011, 5005)
(10084, 7, 5003, 5009, 5020, 5031, 5042, 5053)
(10085, 116, 5031, 5020, 5009, 5003)
(10086, 64, 5032, 5043, 5054)
(10087, 7, 5015, 5014, 5013, 5018, 5029, 5040, 5051)
(10088, 153, 5031, 5025, 5024, 5018, 5007, 5001)
(10089, 17, 5019, 5030, 5041, 5052)
(10090, 12, 5010, 5021, 5032, 5043, 5054)
(10091, 7, 5006, 5012, 5018, 5024, 5025, 5026, 5032, 5043)
(10092, 7, 5000, 5005, 5016, 5027, 5038, 5049)
(10093, 1, 5029, 5040, 5051)
(10094, 58, 5023, 5029, 5040, 5051, 5057)
(10095, 70, 5042, 5031, 5025, 5024, 5018, 5012, 5006)
(10096, 13, 5049, 5038, 5033, 5028, 5023, 5018)
(10097, 87, 5025, 5031, 5042, 5053)
(10098, 43, 5012, 5018, 5029, 5040, 5051, 5057)
(10099, 82, 5040, 5029, 5024, 5025, 5026, 5021, 5010)
(10100, 143, 5031, 5042, 5053)
(10101, 1, 5059, 5053, 5042, 5031, 5025, 5024, 5018, 5012, 5006)
(10102, 13, 5021, 5032, 5043, 5054)
(10103, 90, 5038, 5033, 5034, 5029, 5018, 5007)
(10104, 16, 5049, 5038, 5033, 5028, 5017)
(10105, 70, 5042, 5031, 5020, 5009, 5003)
(10106, 10, 5051, 5040, 5029, 5018, 5007)
(10107, 1, 5043, 5032, 5026, 5025, 5019)
(10108, 1, 5050, 5039, 5028, 5023, 5024, 5025, 5020)
(10109, 165, 5031, 5025, 5024, 5018, 5012, 5006)
(10110, 1, 5005, 5011, 5012, 5018, 5029, 5040, 5051, 5057)
(10111, 93, 5038, 5027, 5016)
(10112, 67, 5028, 5039, 5050)
(10113, 1, 5041, 5030, 5019)
(10114, 16, 5059, 5053, 5042, 5031, 5025, 5024, 5018, 5012)
(10115, 142, 5018, 5024, 5025, 5026, 5032, 5043)
(10116, 9, 5029, 5018, 5012, 5011, 5005)
(10117, 1, 5015, 5020, 5031, 5042, 5053)
(10118, 71, 5039, 5028, 5023, 5018, 5007, 5002, 5003, 5004)
(10119, 23, 5050, 5044, 5038, 5027)
(10120, 12, 5007, 5018, 5024, 5025, 5031)
(10121, 79, 5014, 5013, 5018, 5029, 5034, 5033, 5038, 5049)
(10122, 95, 5023, 5024, 5025, 5031, 5042, 5053)
(10123, 16, 5027, 5016, 5005)
(10124, 19, 5049, 5038, 5027, 5016, 5005)
(10125, 15, 5029, 5018, 5007, 5001)
(10126, 1, 5030, 5041, 5052)
(10127, 10, 5006, 5012, 5018, 5029, 5040, 5051, 5057)
(10128, 15, 5005, 5011, 5012, 5018, 5024, 5025, 5026, 5032, 5043)
(10129, 78, 5032, 5043, 5054)
(10130, 147, 5029, 5018, 5007, 5001)
(10131, 85, 5042, 5031, 5025, 5019)
(10132, 12, 5004, 5009, 5020, 5031, 5042)
(10133, 101, 5028, 5039, 5050)
(10134, 10, 5022, 5023, 5024, 5025, 5031, 5042, 5053, 5059)
(10135, 4, 5058, 5053, 5042, 5031, 5026, 5021)
(10136, 16, 5027, 5016, 5005)
(10137, 12, 5006, 5012, 5018, 5024, 5025, 5026, 5032)
(10138, 1, 5039, 5028, 5017, 5006)
(10139, 6, 5043, 5032, 5026, 5025, 5024, 5018, 5012, 5011)
(10140, 56, 5027, 5016, 5005)
(10141, 1, 5040, 5029, 5018, 5007, 5002)
(10142, 10, 5022, 5023, 5024, 5025, 5031, 5042, 5053, 5059)
(10143, 23, 5050, 5044, 5038, 5027)
(10144, 96, 5042, 5031, 5025, 5024, 5018, 5012)
(10145, 72, 5011, 5012, 5018, 5029, 5040)
(10146, 13, 5015, 5020, 5031, 5042, 5053, 5058)
(10147, 24, 5041, 5030, 5019)
(10148, 27, 5053, 5042, 5031, 5025, 5024, 5018, 5012, 5011)
(10149, 22, 5049, 5038, 5033, 5028, 5023, 5018, 5007, 5002)
(10150, 53, 5012, 5018, 5024, 5030, 5041)
(10151, 18, 5004, 5009, 5020, 5025, 5024, 5029, 5034, 5033, 5038)
(10152, 11, 5043, 5032, 5021)
(10153, 96, 5032, 5043, 5054)
(10154, 19, 5051, 5045, 5044, 5038, 5027)
(10155, 34, 5050, 5039, 5028, 5023, 5018, 5007, 5002, 5003)
(10156, 18, 5004, 5009, 5020, 5025, 5024, 5029, 5034, 5033, 5038)
(10157, 79, 5020, 5031, 5042, 5053)
(10158, 87, 5020, 5031, 5042, 5053)
(10159, 114, 5025, 5031, 5042, 5053)
(10160, 28, 5013, 5018, 5029, 5040, 5051)
(10161, 67, 5027, 5016, 5005)
(10162, 1, 5014, 5013, 5018, 5029, 5034, 5033, 5038, 5049)
(10163, 9, 5003, 5002, 5007, 5018, 5029, 5040)
(10164, 18, 5005, 5011, 5012, 5018, 5024, 5025, 5031, 5042, 5053, 5059)
(10165, 34, 5019, 5025, 5031, 5042, 5053)
(10166, 154, 5025, 5031, 5042, 5053)
(10167, 24, 5004, 5009, 5020, 5025, 5024, 5029, 5034, 5033, 5038)
(10168, 21, 5005, 5011, 5012, 5018, 5029, 5040, 5051)
(10169, 18, 5021, 5032, 5043, 5054)
(10170, 25, 5049, 5038, 5033, 5028, 5023, 5018, 5013)
(10171, 11, 5043, 5032, 5026, 5025, 5024, 5018)
(10172, 22, 5043, 5032, 5026, 5025, 5024, 5018)
(10173, 1, 5016, 5027, 5038, 5049, 5055)
(10174, 24, 5005, 5011, 5012, 5018, 5029, 5040, 5046)
(10175, 34, 5019, 5025, 5031, 5042, 5053)
(10176, 209, 5031, 5020, 5009, 5003)
(10177, 34, 5050, 5039, 5028)
(10178, 1, 5019, 5025, 5031, 5042, 5053, 5059)
(10179, 96, 5042, 5031, 5020, 5009)
(10180, 81, 5027, 5016, 5005)
(10181, 146, 5031, 5042, 5053)
(10182, 1, 5028, 5017, 5006)
(10183, 158, 5029, 5018, 5007, 5001)
(10184, 145, 5018, 5024, 5025, 5031, 5042, 5053, 5059)
(10185, 52, 5028, 5017, 5011, 5005)
(10186, 9, 5009, 5020, 5031, 5042, 5047)
(10187, 1, 5019, 5030, 5041, 5052)
(10188, 179, 5031, 5042, 5053)
(10189, 157, 5025, 5031, 5042, 5053, 5059)
(10190, 22, 5059, 5053, 5042, 5031, 5020, 5009, 5003)
(10191, 45, 5050, 5039, 5028, 5023, 5024, 5025, 5026, 5021)
(10192, 215, 5031, 5020, 5009, 5003)
(10193, 34, 5043, 5032, 5026, 5020)
(10194, 29, 5004, 5009, 5020, 5031, 5042, 5053, 5058)
(10195, 1, 5027, 5038, 5044, 5045, 5051, 5057)
(10196, 77, 5016, 5027, 5038, 5044, 5050)
(10197, 99, 5032, 5043, 5054)
(10198, 87, 5028, 5017, 5011, 5005)
(10199, 87, 5014, 5013, 5018, 5029, 5040, 5051)
(10200, 228, 5031, 5020, 5009, 5003)
(10201, 45, 5053, 5042, 5031)
(10202, 173, 5025, 5031, 5042, 5053)
(10203, 104, 5023, 5024, 5025, 5031, 5042, 5053)
(10204, 34, 5043, 5032, 5026, 5025, 5024, 5018, 5012, 5011)
(10205, 107, 5042, 5031, 5020, 5009, 5003)
(10206, 182, 5025, 5031, 5042, 5053, 5059)
(10207, 107, 5023, 5024, 5025, 5031, 5042, 5053)
(10208, 188, 5031, 5042, 5053, 5059)
(10209, 102, 5032, 5043, 5054)
(10210, 154, 5018, 5024, 5025, 5031, 5042, 5053)
(10211, 22, 5007, 5018, 5029, 5040)
(10212, 92, 5028, 5017, 5011, 5005)
(10213, 161, 5029, 5018, 5012, 5011, 5005)
(10214, 35, 5004, 5009, 5020, 5031, 5042, 5053)
(10215, 45, 5043, 5032, 5026, 5025, 5024, 5018, 5012, 5011)
(10216, 7, 5057, 5051, 5040, 5029, 5018, 5007)
(10217, 67, 5012, 5018, 5029, 5040)
(10218, 23, 5015, 5014, 5013, 5018, 5029, 5034, 5033, 5038, 5049)
(10219, 25, 5059, 5053, 5042, 5031, 5020)
(10220, 1, 5039, 5028, 5017, 5006)
(10221, 171, 5018, 5029, 5040, 5051)
(10222, 21, 5006, 5012, 5018, 5029, 5040, 5051, 5057)
(10223, 26, 5015, 5020, 5031, 5042, 5053, 5058)
(10224, 214, 5029, 5040, 5051, 5057)
(10225, 179, 5018, 5023, 5028, 5033, 5038, 5049)
(10226, 29, 5005, 5011, 5012, 5018, 5029, 5040, 5051, 5057)
(10227, 1, 5042, 5031, 5025, 5024, 5018, 5012, 5011, 5005)
(10228, 96, 5038, 5033, 5034, 5029, 5018, 5007)
(10229, 9, 5032, 5026, 5025, 5024, 5018, 5007)
(10230, 37, 5021, 5032, 5043, 5054)
(10231, 28, 5049, 5038, 5033, 5028, 5023, 5018, 5013, 5014)
(10232, 25, 5051, 5040, 5029, 5018, 5012, 5006)
(10233, 182, 5018, 5024, 5025, 5031, 5042, 5053)
(10234, 31, 5049, 5038, 5027, 5016, 5005)
(10235, 45, 5030, 5024, 5018, 5012, 5011, 5005)
(10236, 107, 5042, 5031, 5020, 5009, 5004)
(10237, 209, 5031, 5042, 5053)
(10238, 1, 5032, 5043, 5054)
(10239, 113, 5023, 5024, 5025, 5031, 5042, 5053, 5059)
(10240, 200, 5018, 5029, 5040, 5051, 5057)
(10241, 164, 5029, 5018, 5012, 5011, 5005)
(10242, 97, 5028, 5017, 5011, 5005)
(10243, 70, 5012, 5018, 5029, 5040, 5051)
(10244, 1, 5007, 5018, 5029, 5040, 5051, 5057)
(10245, 41, 5051, 5040, 5029, 5018, 5007, 5002, 5003)
(10246, 1, 5027, 5016, 5005)
(10247, 45, 5050, 5044, 5038, 5027, 5016)
(10248, 167, 5029, 5018, 5007, 5001)
(10249, 44, 5051, 5040, 5029, 5018, 5013)
(10250, 100, 5028, 5017, 5011, 5005)
(10251, 48, 5053, 5042, 5031, 5025)
(10252, 7, 5003, 5009, 5015, 5021, 5032, 5043)
(10253, 31, 5059, 5053, 5042, 5031, 5025, 5024, 5018)
(10254, 83, 5011, 5012, 5018, 5029, 5040, 5051, 5057)
(10255, 35, 5004, 5009, 5020, 5025, 5024, 5029, 5034, 5039)
(10256, 185, 5025, 5031, 5042, 5053, 5059)
(10257, 60, 5051, 5040, 5029, 5023)
(10258, 115, 5028, 5017, 5011, 5005)
(10259, 32, 5005, 5011, 5012, 5018, 5029, 5040, 5046)
(10260, 232, 5024, 5025, 5031, 5042, 5053)
(10261, 170, 5029, 5018, 5012, 5011, 5005)
(10262, 1, 5027, 5016, 5005)
(10263, 87, 5040, 5029, 5018, 5007, 5002, 5003)
(10264, 37, 5021, 5032, 5043)
(10265, 95, 5014, 5013, 5018, 5029, 5040, 5051)
(10266, 108, 5032, 5043, 5054)
(10267, 50, 5050, 5039, 5028, 5023, 5018, 5013)
(10268, 35, 5005, 5011, 5012, 5018, 5024, 5025, 5026, 5032)
(10269, 212, 5031, 5042, 5053, 5059)
(10270, 71, 5051, 5040, 5029, 5018, 5012, 5011, 5005)
(10271, 93, 5040, 5029, 5018, 5007, 5002)
(10272, 50, 5050, 5039, 5028, 5023, 5018, 5007, 5002, 5003)
(10273, 34, 5054, 5043, 5032)
(10274, 25, 5007, 5018, 5029, 5040, 5051, 5057)
(10275, 29, 5007, 5018, 5024, 5025, 5026, 5032)
(10276, 98, 5027, 5016, 5005)
(10277, 46, 5010, 5021, 5032, 5043)
(10278, 1, 5058, 5053, 5042, 5031, 5020, 5009)
(10279, 111, 5032, 5043, 5054)
(10280, 46, 5004, 5009, 5020, 5025, 5024, 5029, 5040)
(10281, 56, 5050, 5039, 5028, 5017, 5006)
(10282, 93, 5040, 5029, 5018, 5007, 5002)
(10283, 12, 5057, 5051, 5045, 5044, 5038, 5027, 5016)
(10284, 23, 5000, 5005, 5016, 5027, 5038, 5049)
(10285, 97, 5014, 5013, 5018, 5029, 5034, 5033, 5038, 5049)
(10286, 26, 5006, 5012, 5018, 5024, 5025, 5031, 5042, 5053, 5059)
(10287, 12, 5058, 5053, 5042, 5031, 5020)
(10288, 191, 5025, 5031, 5042, 5053)
(10289, 80, 5012, 5018, 5029, 5040, 5051, 5057)
(10290, 209, 5018, 5029, 5040, 5051)
(10291, 231, 5031, 5020, 5009)
(10292, 116, 5023, 5029, 5040, 5051, 5057)
(10293, 34, 5049, 5038, 5033, 5028, 5023, 5018, 5007)
(10294, 119, 5023, 5024, 5025, 5031, 5042, 5053)
(10295, 1, 5002, 5007, 5018, 5029, 5040, 5051, 5057)
(10296, 118, 5028, 5017, 5006)
(10297, 25, 5022, 5023, 5024, 5025, 5031, 5042, 5053)
(10298, 25, 5027, 5038, 5044, 5050)
(10299, 44, 5007, 5018, 5029, 5034, 5039, 5050)
(10300, 109, 5020, 5031, 5042)
(10301, 1, 5041, 5030, 5019)
(10302, 37, 5049, 5038, 5033, 5028, 5017)
(10303, 39, 5019, 5030, 5041, 5052)
(10304, 103, 5038, 5027, 5016, 5005, 5000)
(10305, 194, 5025, 5031, 5042, 5053, 5059)
(10306, 45, 5043, 5032, 5026, 5025, 5024, 5018)
(10307, 122, 5023, 5024, 5025, 5031, 5042, 5053)
(10308, 16, 5002, 5007, 5018, 5029, 5034, 5039)
(10309, 74, 5051, 5040, 5029, 5024, 5025, 5026, 5021)
(10310, 118, 5042, 5031, 5025, 5024, 5018, 5007)
(10311, 128, 5023, 5029, 5040, 5051, 5057)
(10312, 117, 5032, 5043, 5054)
(10313, 39, 5041, 5030, 5024, 5018, 5007)
(10314, 32, 5006, 5012, 5018, 5029, 5040, 5046)
(10315, 51, 5053, 5042, 5031, 5020, 5009)
(10316, 39, 5047, 5042, 5031, 5020, 5009)
(10317, 131, 5023, 5029, 5040, 5051)
(10318, 212, 5018, 5024, 5025, 5031, 5042, 5053, 5059)
(10319, 19, 5003, 5009, 5020, 5031)
(10320, 56, 5015, 5020, 5031, 5042, 5053, 5058)
(10321, 87, 5051, 5040, 5029, 5024, 5025, 5020)
(10322, 1, 5014, 5013, 5018, 5029, 5040, 5051)
(10323, 244, 5031, 5025, 5024, 5018, 5012, 5006)
(10324, 109, 5014, 5013, 5018, 5029, 5040, 5051, 5056)
(10325, 116, 5040, 5029, 5018, 5012, 5006)
(10326, 197, 5025, 5031, 5042, 5053)
(10327, 135, 5028, 5039, 5050)
(10328, 14, 5032, 5026, 5025, 5024, 5018, 5007, 5001)
(10329, 218, 5031, 5042, 5053, 5059)
(10330, 40, 5049, 5038, 5033, 5028, 5023, 5024, 5025, 5026, 5021)
(10331, 46, 5049, 5038, 5027)
(10332, 225, 5031, 5042, 5053)
(10333, 61, 5015, 5014, 5013, 5018, 5029, 5034, 5033, 5038, 5049)
(10334, 60, 5053, 5042, 5031, 5025, 5024, 5018, 5012, 5011, 5005)
(10335, 106, 5038, 5027, 5016, 5005)
(10336, 90, 5012, 5018, 5029, 5040, 5051, 5057)
(10337, 84, 5039, 5028, 5017, 5006)
(10338, 90, 5051, 5040, 5029, 5024, 5025, 5026, 5021)
(10339, 87, 5011, 5012, 5018, 5024, 5025, 5031, 5042, 5053)
(10340, 141, 5023, 5029, 5040, 5051, 5057)
(10341, 247, 5031, 5025, 5024, 5018, 5012, 5011, 5005)
(10342, 84, 5039, 5028, 5023, 5018, 5007, 5002, 5003)
(10343, 18, 5057, 5051, 5040, 5029, 5023)
(10344, 64, 5015, 5014, 5013, 5018, 5029, 5040, 5051, 5056)
(10345, 123, 5032, 5043, 5054)
(10346, 1, 5030, 5024, 5018, 5007)
(10347, 107, 5027, 5016, 5005)
(10348, 46, 5004, 5009, 5020, 5031, 5042, 5053, 5058)
(10349, 173, 5029, 5018, 5012, 5011, 5005)
(10350, 112, 5038, 5033, 5034, 5029, 5018, 5007)
(10351, 25, 5027, 5038, 5044, 5045, 5051, 5057)
(10352, 118, 5038, 5027, 5016, 5005, 5000)
(10353, 236, 5031, 5042, 5053, 5059)
(10354, 109, 5020, 5031, 5042, 5053, 5059)
(10355, 50, 5043, 5032, 5026, 5025, 5024, 5018, 5007)
(10356, 53, 5007, 5018, 5024, 5025, 5031)
(10357, 93, 5016, 5027, 5038, 5049)
(10358, 47, 5027, 5038, 5049)
(10359, 17, 5032, 5026, 5020, 5009)
(10360, 120, 5014, 5013, 5018, 5029, 5040, 5051)
(10361, 98, 5012, 5018, 5029, 5040, 5051)
(10362, 71, 5021, 5032, 5043, 5054)
(10363, 121, 5028, 5017, 5006)
(10364, 240, 5031, 5042, 5053)
(10365, 120, 5020, 5031, 5042, 5053)
(10366, 235, 5029, 5040, 5051, 5057)
(10367, 101, 5011, 5012, 5018, 5024, 5025, 5031, 5042, 5053, 5059)
(10368, 51, 5022, 5023, 5024, 5025, 5031, 5042, 5053)
(10369, 110, 5027, 5016, 5005)
(10370, 179, 5029, 5018, 5012, 5011, 5005)
(10371, 106, 5011, 5012, 5018, 5024, 5025, 5031, 5042, 5053)
(10372, 120, 5020, 5031, 5042, 5053, 5058)
(10373, 255, 5031, 5042, 5053, 5059)
(10374, 124, 5038, 5027, 5016, 5005, 5000)
(10375, 238, 5029, 5040, 5051, 5057)
(10376, 45, 5030, 5024, 5018, 5012, 5011, 5005)
(10377, 241, 5024, 5025, 5031, 5042, 5053)
(10378, 108, 5012, 5018, 5024, 5025, 5031, 5042)
(10379, 123, 5027, 5016, 5005)
(10380, 96, 5051, 5040, 5029, 5018, 5012, 5011)
(10381, 61, 5050, 5039, 5028, 5023, 5018)
(10382, 89, 5039, 5028, 5023, 5018, 5007)
(10383, 1, 5042, 5031, 5025, 5024, 5018, 5012, 5006)
(10384, 128, 5028, 5017, 5006)
(10385, 266, 5031, 5042, 5053)
(10386, 114, 5011, 5012, 5018, 5029, 5040, 5051, 5057)
(10387, 89, 5039, 5028, 5017, 5006)
(10388, 63, 5053, 5042, 5031, 5025, 5024, 5018, 5012, 5011, 5005)
(10389, 185, 5029, 5018, 5007)
(10390, 16, 5009, 5015, 5021, 5032, 5043)
(10391, 131, 5014, 5013, 5018, 5029, 5040, 5051)
(10392, 18, 5057, 5051, 5040, 5029)
(10393, 41, 5005, 5016, 5027)
(10394, 256, 5031, 5025, 5024, 5018, 5007)
(10395, 49, 5049, 5038, 5033, 5028, 5023, 5018, 5013)
(10396, 118, 5040, 5029, 5018, 5012, 5011)
(10397, 23, 5003, 5009, 5020, 5031)
(10398, 71, 5015, 5020, 5031, 5042, 5053)
(10399, 44, 5005, 5011, 5012, 5018, 5024, 5025, 5026, 5032)
(10400, 25, 5002, 5007, 5018, 5029, 5035, 5041)
(10401, 33, 5032, 5021, 5010)
(10402, 51, 5027, 5038, 5044, 5045, 5051)
(10403, 1, 5027, 5038, 5049)
(10404, 200, 5030, 5041, 5052)
(10405, 126, 5032, 5043, 5054)
(10406, 128, 5040, 5029, 5024, 5025, 5026, 5021, 5010)
(10407, 59, 5007, 5018, 5029, 5040, 5051, 5057)
(10408, 191, 5029, 5018, 5007)
(10409, 82, 5021, 5032, 5043, 5054)
(10410, 59, 5027, 5038, 5049)
(10411, 50, 5043, 5032, 5026, 5020, 5009)
(10412, 37, 5006, 5012, 5018, 5024, 5025, 5026, 5032)
(10413, 135, 5027, 5016, 5005)
(10414, 59, 5022, 5023, 5024, 5025, 5031, 5042, 5053, 5059)
(10415, 55, 5049, 5038, 5027, 5016)
(10416, 50, 5005, 5011, 5012, 5018, 5029, 5040)
(10417, 99, 5051, 5040, 5029, 5023)
(10418, 40, 5003, 5002, 5007, 5018, 5029, 5040)
(10419, 128, 5038, 5027, 5016, 5005)
(10420, 136, 5040, 5029, 5018, 5012, 5011, 5005)
(10421, 59, 5027, 5038, 5044, 5050)
(10422, 147, 5028, 5039, 5050)
(10423, 57, 5004, 5009, 5020, 5031, 5042)
(10424, 105, 5051, 5040, 5029, 5023)
(10425, 58, 5049, 5038, 5027)
(10426, 84, 5021, 5032, 5043)
(10427, 62, 5007, 5018, 5024, 5025, 5026, 5032, 5043)
(10428, 134, 5038, 5033, 5034, 5029, 5018, 5007, 5002)
(10429, 53, 5005, 5011, 5012, 5018, 5029)
(10430, 66, 5053, 5042, 5031, 5025, 5024, 5018, 5012)
(10431, 88, 5021, 5032, 5043)
(10432, 139, 5040, 5029, 5018, 5007, 5002, 5003)
(10433, 197, 5029, 5018, 5007, 5001)
(10434, 218, 5018, 5029, 5040)
(10435, 56, 5005, 5016, 5027, 5038, 5049, 5055)
(10436, 221, 5018, 5024, 5025, 5026, 5032, 5043)
(10437, 65, 5003, 5002, 5007, 5018, 5029, 5040)
(10438, 34, 5059, 5053, 5042, 5031, 5025, 5024, 5023, 5022)
(10439, 67, 5009, 5020, 5031, 5042)
(10440, 57, 5004, 5009, 5020, 5031, 5042, 5053)
(10441, 61, 5049, 5038, 5033, 5028, 5023, 5018, 5007)
(10442, 108, 5051, 5040, 5029, 5023)
(10443, 272, 5031, 5042, 5053)
(10444, 131, 5028, 5017, 5011, 5005)
(10445, 31, 5002, 5007, 5018, 5029, 5035)
(10446, 137, 5038, 5033, 5034, 5029, 5018, 5007, 5002, 5003)
(10447, 124, 5012, 5018, 5029, 5040)
(10448, 71, 5003, 5002, 5007, 5018, 5029, 5040, 5051, 5056)
(10449, 244, 5029, 5040, 5051, 5057)
(10450, 2, 5030, 5024, 5018, 5007)
(10451, 128, 5011, 5016, 5027, 5038, 5049)
(10452, 45, 5013, 5018, 5029, 5034, 5039, 5050)
(10453, 143, 5038, 5027, 5016, 5005)
(10454, 260, 5031, 5025, 5024, 5018, 5007)
(10455, 48, 5019, 5025, 5031, 5042, 5053)
(10456, 131, 5016, 5027, 5038)
(10457, 132, 5032, 5043, 5054)
(10458, 150, 5028, 5039, 5050)
(10459, 37, 5006, 5012, 5018, 5029, 5040, 5051, 5057)
(10460, 42, 5047, 5042, 5031, 5026, 5021, 5010)
(10461, 154, 5027, 5016, 5005)
(10462, 56, 5043, 5032, 5026, 5025, 5024, 5018)
(10463, 36, 5032, 5021, 5010)
(10464, 224, 5018, 5023, 5028, 5033, 5038, 5049)
(10465, 247, 5024, 5025, 5031, 5042, 5053)
(10466, 134, 5011, 5016, 5027, 5038, 5049)
(10467, 111, 5051, 5040, 5029, 5018)
(10468, 263, 5031, 5020, 5009)
(10469, 45, 5041, 5030, 5024, 5018, 5007)
(10470, 72, 5053, 5042, 5031, 5025, 5024, 5018, 5012)
(10471, 63, 5010, 5021, 5032, 5043, 5054)
(10472, 146, 5038, 5033, 5034, 5029, 5024, 5025, 5026, 5021, 5010)
(10473, 75, 5053, 5042, 5031, 5020, 5009, 5004)
(10474, 67, 5049, 5038, 5027)
(10475, 50, 5047, 5042, 5031, 5020, 5009)
(10476, 37, 5002, 5007, 5018, 5029, 5034, 5039, 5050)
(10477, 135, 5032, 5043, 5054)
(10478, 146, 5011, 5012, 5018, 5024, 5025, 5031, 5042, 5053)
(10479, 118, 5042, 5031, 5025, 5024, 5018, 5012, 5011, 5005)
(10480, 65, 5022, 5023, 5024, 5025, 5031, 5042, 5053)
(10481, 90, 5015, 5014, 5013, 5018, 5029, 5034, 5033, 5038, 5049)
(10482, 131, 5014, 5013, 5018, 5029, 5040, 5051)
(10483, 82, 5053, 5042, 5031, 5025, 5024, 5023)
(10484, 40, 5003, 5009, 5020, 5031, 5042, 5053)
(10485, 155, 5011, 5012, 5018, 5024, 5025, 5031, 5042, 5053)
(10486, 53, 5032, 5026, 5020, 5009, 5003)
(10487, 227, 5018, 5029, 5040, 5051, 5056)
(10488, 134, 5028, 5017, 5011, 5005)
(10489, 71, 5003, 5002, 5007, 5018, 5029, 5040)
(10490, 37, 5054, 5043, 5032, 5021)
(10491, 51, 5030, 5024, 5018, 5007)
(10492, 40, 5003, 5009, 5015, 5021, 5032)
(10493, 114, 5051, 5040, 5029)
(10494, 266, 5031, 5025, 5024, 5018, 5012, 5006)
(10495, 63, 5004, 5009, 5020, 5025, 5024, 5029, 5034, 5039, 5050)
(10496, 200, 5029, 5018, 5007)
(10497, 138, 5032, 5043, 5054)
(10498, 86, 5053, 5042, 5031)
(10499, 200, 5025, 5031, 5042, 5053, 5059)
(10500, 48, 5006, 5012, 5018, 5024, 5025, 5026, 5032, 5043)
(10501, 203, 5029, 5018, 5007)
(10502, 95, 5045, 5040, 5029, 5018, 5007, 5002)
(10503, 73, 5049, 5038, 5027, 5016)
(10504, 56, 5043, 5032, 5026, 5025, 5019)
(10505, 67, 5043, 5032, 5021, 5010)
(10506, 63, 5010, 5021, 5032, 5043, 5054)
(10507, 68, 5007, 5018, 5024, 5025, 5031)
(10508, 250, 5029, 5040, 5051)
(10509, 203, 5025, 5031, 5042, 5053, 5059)
(10510, 154, 5027, 5016, 5005)
(10511, 89, 5053, 5042, 5031, 5020, 5009, 5003)