(10000, 1, 5057, 5052, 5047, 5042, 5031, 5020)
(10001, 1, 5040, 5034, 5028, 5022, 5016)
(10002, 1, 5042, 5031, 5020, 5009)
(10003, 1, 5008, 5019, 5030, 5041)
(10004, 1, 5006, 5017, 5028, 5034)
(10005, 1, 5010, 5021, 5032, 5037, 5036, 5041, 5052, 5057)
(10006, 11, 5042, 5036, 5030, 5019, 5013)
(10007, 1, 5031, 5020, 5009)
(10008, 1, 5016, 5022, 5028, 5034, 5035, 5036, 5042, 5048, 5054)
(10009, 1, 5028, 5039, 5050, 5056)
(10010, 4, 5016, 5022, 5028, 5034, 5040, 5046)
(10011, 47, 5042, 5036, 5030, 5019, 5013, 5012, 5006)
(10012, 12, 5006, 5017, 5028, 5034)
(10013, 14, 5040, 5034, 5028, 5017)
(10014, 1, 5056, 5057, 5052, 5041, 5030, 5019, 5014, 5015)
(10015, 1, 5018, 5029, 5040)
(10016, 1, 5053, 5047, 5041, 5030)
(10017, 1, 5007, 5018, 5029, 5040, 5051)
(10018, 1, 5044, 5039, 5028, 5017, 5012, 5007, 5002, 5003)
(10019, 1, 5028, 5017, 5006, 5000)
(10020, 1, 5039, 5028, 5017, 5012, 5007, 5002)
(10021, 4, 5056, 5057, 5052, 5041, 5030, 5019, 5008)
(10022, 1, 5021, 5032, 5043, 5054)
(10023, 1, 5009, 5020, 5031, 5036, 5041, 5052)
(10024, 1, 5017, 5028, 5039)
(10025, 1, 5049, 5044, 5039, 5028, 5023, 5018, 5013, 5014, 5009)
(10026, 7, 5007, 5018, 5029, 5040, 5051)
(10027, 13, 5007, 5013, 5019, 5030, 5036, 5042, 5048)
(10028, 1, 5000, 5006, 5017, 5028, 5034, 5035, 5036, 5042)
(10029, 1, 5029, 5040, 5051)
(10030, 36, 5006, 5012, 5013, 5019, 5030, 5036, 5037)
(10031, 105, 5036, 5030, 5019, 5008)
(10032, 1, 5052, 5046, 5040, 5034, 5028, 5022)
(10033, 4, 5021, 5032, 5043)
(10034, 1, 5035, 5034, 5028, 5017, 5006, 5000)
(10035, 1, 5054, 5048, 5047, 5046, 5040, 5034, 5028, 5017, 5006, 5000)
(10036, 129, 5028, 5017, 5006)
(10037, 1, 5031, 5042, 5048, 5054)
(10038, 10, 5030, 5019, 5013, 5007)
(10039, 1, 5030, 5041, 5047, 5053)
(10040, 144, 5028, 5017, 5006)
(10041, 9, 5028, 5039, 5050, 5056)
(10042, 1, 5034, 5028, 5017, 5006)
(10043, 7, 5050, 5039, 5028, 5023, 5018, 5007)
(10044, 1, 5049, 5038, 5027)
(10045, 4, 5031, 5042, 5048, 5054)
(10046, 78, 5042, 5036, 5030, 5019, 5013)
(10047, 84, 5042, 5031, 5020, 5009)
(10048, 16, 5007, 5013, 5019, 5030, 5041, 5052)
(10049, 1, 5037, 5036, 5035, 5034, 5028, 5017, 5006, 5000)
(10050, 10, 5056, 5050, 5039, 5028, 5022)
(10051, 4, 5030, 5041, 5052)
(10052, 19, 5007, 5018, 5023, 5028, 5039, 5050, 5055)
(10053, 1, 5010, 5021, 5032, 5037, 5036, 5035, 5040)
(10054, 1, 5043, 5032, 5021)
(10055, 7, 5031, 5042, 5053)
(10056, 51, 5030, 5019, 5013, 5007)
(10057, 12, 5049, 5044, 5039, 5028, 5023, 5018, 5013)
(10058, 18, 5040, 5034, 5028, 5017, 5006, 5000)
(10059, 4, 5052, 5046, 5040, 5034, 5028)
(10060, 39, 5006, 5017, 5028, 5034, 5040)
(10061, 4, 5039, 5028, 5022, 5016)
(10062, 23, 5028, 5034, 5040, 5046, 5047, 5053)
(10063, 74, 5021, 5032, 5043)
(10064, 51, 5028, 5039, 5050, 5056)
(10065, 84, 5021, 5032, 5037, 5036, 5041, 5052, 5057)
(10066, 1, 5043, 5032, 5021, 5010)
(10067, 15, 5048, 5047, 5041, 5030, 5019)
(10068, 1, 5019, 5030, 5035, 5034, 5039, 5050)
(10069, 12, 5049, 5044, 5039, 5028, 5023, 5018, 5007, 5002)
(10070, 104, 5029, 5018, 5007)
(10071, 127, 5031, 5020, 5009)
(10072, 103, 5021, 5032, 5043)
(10073, 25, 5040, 5034, 5028, 5022, 5016)
(10074, 7, 5044, 5039, 5028, 5017, 5006)
(10075, 4, 5012, 5013, 5019, 5030, 5036, 5042)
(10076, 6, 5010, 5021, 5032, 5037, 5036, 5035, 5034, 5039)
(10077, 1, 5008, 5019, 5030, 5035, 5034, 5039)
(10078, 10, 5050, 5039, 5028, 5017)
(10079, 4, 5018, 5023, 5028, 5039, 5050)
(10080, 15, 5030, 5041, 5047, 5053)
(10081, 8, 5019, 5030, 5036, 5042, 5048)
(10082, 1, 5027, 5016, 5005)
(10083, 106, 5021, 5032, 5037, 5036, 5035, 5034, 5039, 5050)
(10084, 1, 5041, 5030, 5019, 5008)
(10085, 89, 5030, 5041, 5047, 5053)
(10086, 100, 5030, 5041, 5047, 5053)
(10087, 12, 5052, 5041, 5030, 5019)
(10088, 146, 5036, 5030, 5019, 5008)
(10089, 4, 5054, 5048, 5047, 5041, 5035, 5034, 5028, 5022, 5016)
(10090, 109, 5021, 5032, 5043)
(10091, 15, 5052, 5041, 5030, 5019, 5013)
(10092, 22, 5007, 5013, 5019, 5030, 5041, 5052)
(10093, 28, 5040, 5035, 5036, 5031, 5026, 5021, 5010)
(10094, 23, 5049, 5038, 5027, 5016)
(10095, 45, 5017, 5028, 5039, 5050, 5056)
(10096, 132, 5030, 5041, 5047, 5048, 5054)
(10097, 145, 5030, 5041, 5052)
(10098, 47, 5040, 5029, 5018)
(10099, 1, 5032, 5043, 5054)
(10100, 118, 5034, 5028, 5017, 5006)
(10101, 1, 5015, 5021, 5032, 5043)
(10102, 97, 5042, 5036, 5030, 5019, 5013)
(10103, 10, 5031, 5042, 5053)
(10104, 21, 5050, 5039, 5028, 5017, 5012, 5007)
(10105, 7, 5014, 5013, 5018, 5023, 5028, 5039, 5050)
(10106, 25, 5019, 5030, 5036, 5042, 5053)
(10107, 104, 5042, 5031, 5020, 5015, 5010)
(10108, 7, 5027, 5016, 5005)
(10109, 162, 5036, 5030, 5019, 5013, 5012, 5006, 5000)
(10110, 48, 5039, 5028, 5017, 5012, 5007, 5002)
(10111, 10, 5027, 5016, 5005)
(10112, 147, 5028, 5017, 5006)
(10113, 171, 5036, 5030, 5019, 5013, 5012, 5006, 5000)
(10114, 23, 5049, 5044, 5039, 5028, 5023, 5018)
(10115, 30, 5019, 5030, 5036, 5042, 5048)
(10116, 66, 5018, 5029, 5040)
(10117, 111, 5039, 5028, 5017, 5006)
(10118, 10, 5044, 5039, 5028, 5017, 5006)
(10119, 174, 5031, 5020, 5009)
(10120, 182, 5028, 5017, 5006, 5000)
(10121, 124, 5039, 5028, 5017)
(10122, 107, 5042, 5036, 5030, 5019, 5008)
(10123, 6, 5008, 5019, 5030, 5041, 5052, 5057)
(10124, 125, 5029, 5018, 5007)
(10125, 1, 5022, 5028, 5039, 5050)
(10126, 6, 5010, 5021, 5032, 5037, 5036, 5041, 5052)
(10127, 1, 5032, 5021, 5015, 5014, 5008)
(10128, 16, 5031, 5042, 5053)
(10129, 1, 5009, 5020, 5031, 5036, 5035, 5034, 5039)
(10130, 125, 5029, 5018, 5007)
(10131, 7, 5005, 5016, 5027, 5038, 5049)
(10132, 177, 5036, 5030, 5019, 5013, 5012, 5006)
(10133, 16, 5057, 5052, 5047, 5042, 5031, 5020, 5009)
(10134, 162, 5030, 5041, 5047, 5048, 5054)
(10135, 17, 5038, 5027, 5016)
(10136, 13, 5027, 5016, 5005)
(10137, 12, 5010, 5021, 5032, 5043)
(10138, 17, 5010, 5021, 5032, 5037, 5036, 5041, 5052, 5057)
(10139, 10, 5016, 5027, 5038)
(10140, 25, 5007, 5018, 5029, 5040)
(10141, 18, 5052, 5046, 5040, 5029)
(10142, 21, 5016, 5022, 5028, 5034, 5035, 5036, 5042, 5048)
(10143, 33, 5016, 5027, 5038)
(10144, 6, 5008, 5019, 5030, 5041, 5047, 5048, 5054)
(10145, 1, 5029, 5035, 5041, 5047, 5048, 5054)
(10146, 7, 5000, 5006, 5017, 5028, 5034, 5040)
(10147, 139, 5030, 5019, 5008)
(10148, 28, 5007, 5013, 5019, 5030, 5036)
(10149, 190, 5028, 5017, 5006)
(10150, 39, 5016, 5022, 5028, 5039)
(10151, 130, 5034, 5028, 5017, 5006, 5000)
(10152, 7, 5009, 5020, 5031, 5042, 5047, 5046)
(10153, 8, 5032, 5021, 5015, 5014, 5008)
(10154, 131, 5039, 5028, 5017, 5012, 5007, 5002)
(10155, 136, 5029, 5018, 5007)
(10156, 136, 5034, 5028, 5017, 5006)
(10157, 31, 5007, 5013, 5019, 5030, 5036)
(10158, 7, 5014, 5013, 5018, 5023, 5028, 5039, 5050)
(10159, 53, 5040, 5034, 5028, 5017, 5006, 5000)
(10160, 115, 5028, 5039, 5050, 5056, 5057)
(10161, 48, 5012, 5013, 5019, 5030, 5036, 5042, 5048)
(10162, 139, 5034, 5028, 5017, 5006, 5000)
(10163, 113, 5042, 5036, 5030, 5019, 5013, 5012, 5006, 5000)
(10164, 34, 5049, 5038, 5027, 5016)
(10165, 1, 5053, 5047, 5041, 5035, 5034, 5028)
(10166, 75, 5017, 5028, 5039, 5050, 5055)
(10167, 17, 5008, 5019, 5030, 5036, 5037)
(10168, 12, 5003, 5008, 5013, 5012, 5017, 5028, 5039)
(10169, 22, 5057, 5052, 5041, 5030, 5019, 5013)
(10170, 63, 5019, 5030, 5041, 5052)
(10171, 23, 5010, 5021, 5032, 5037, 5036, 5041)
(10172, 148, 5029, 5018, 5007)
(10173, 28, 5044, 5039, 5028, 5017, 5012, 5007)
(10174, 83, 5017, 5028, 5034, 5035, 5036, 5042)
(10175, 41, 5041, 5035, 5034, 5028, 5017, 5006)
(10176, 81, 5013, 5019, 5030, 5041, 5052)
(10177, 66, 5032, 5043, 5054)
(10178, 208, 5028, 5017, 5006)
(10179, 42, 5016, 5022, 5028, 5039)
(10180, 29, 5050, 5039, 5028, 5017, 5006)
(10181, 34, 5007, 5013, 5019, 5030, 5036)
(10182, 23, 5008, 5019, 5030, 5035, 5034, 5039, 5050)
(10183, 171, 5030, 5019, 5008)
(10184, 34, 5049, 5038, 5027, 5016)
(10185, 130, 5028, 5039, 5050, 5056)
(10186, 33, 5052, 5046, 5040, 5034, 5028, 5022)
(10187, 164, 5028, 5039, 5050, 5056, 5057)
(10188, 112, 5021, 5032, 5043, 5048, 5047, 5052)
(10189, 166, 5030, 5041, 5052)
(10190, 18, 5048, 5042, 5031, 5020, 5009)
(10191, 167, 5028, 5039, 5050, 5056, 5057)
(10192, 53, 5016, 5027, 5038, 5049)
(10193, 31, 5038, 5027, 5016, 5005)
(10194, 180, 5031, 5020, 5009)
(10195, 15, 5029, 5035, 5041, 5052, 5058)
(10196, 28, 5010, 5021, 5032, 5037, 5036, 5041, 5052, 5057)
(10197, 148, 5034, 5028, 5017, 5006, 5000)
(10198, 13, 5054, 5043, 5032, 5021)
(10199, 40, 5049, 5044, 5039, 5028, 5023, 5018, 5007, 5002)
(10200, 12, 5009, 5020, 5031, 5036, 5035, 5034, 5039)
(10201, 153, 5034, 5028, 5017, 5006)
(10202, 27, 5029, 5040, 5046, 5047, 5048, 5054)
(10203, 16, 5022, 5028, 5034, 5040, 5046, 5047, 5053)
(10204, 36, 5020, 5031, 5042, 5053)
(10205, 92, 5013, 5019, 5030, 5041, 5047)
(10206, 34, 5010, 5021, 5032, 5037, 5036, 5041, 5052, 5057, 5056)
(10207, 41, 5052, 5041, 5030, 5019, 5008)
(10208, 51, 5041, 5030, 5019, 5008, 5003)
(10209, 38, 5056, 5057, 5052, 5041, 5030, 5019, 5014, 5015)
(10210, 186, 5036, 5030, 5019, 5013, 5007)
(10211, 91, 5017, 5028, 5034, 5040, 5046)
(10212, 189, 5036, 5030, 5019, 5013, 5012, 5006)
(10213, 101, 5041, 5030, 5019, 5013, 5007)
(10214, 46, 5052, 5046, 5040, 5034, 5028, 5017, 5006, 5000)
(10215, 56, 5040, 5034, 5028, 5022, 5016)
(10216, 157, 5029, 5018, 5007)
(10217, 28, 5022, 5028, 5034, 5040, 5046, 5047, 5053)
(10218, 59, 5016, 5022, 5028, 5039, 5050, 5056)
(10219, 41, 5050, 5039, 5028, 5022)
(10220, 27, 5029, 5040, 5046, 5047, 5053)
(10221, 37, 5007, 5013, 5019, 5030, 5036, 5042, 5053)
(10222, 109, 5041, 5030, 5019, 5013, 5012)
(10223, 12, 5009, 5020, 5031, 5036, 5041, 5046)
(10224, 19, 5031, 5042, 5048, 5054)
(10225, 21, 5054, 5048, 5042, 5031, 5020, 5009)
(10226, 53, 5022, 5028, 5034, 5035, 5041, 5047, 5048, 5054)
(10227, 27, 5031, 5042, 5053)
(10228, 178, 5030, 5041, 5047, 5048, 5054)
(10229, 10, 5000, 5006, 5017, 5028, 5034, 5040)
(10230, 62, 5016, 5022, 5028, 5034, 5035, 5036, 5042, 5048, 5054)
(10231, 45, 5050, 5039, 5028, 5023, 5018)
(10232, 187, 5028, 5034, 5040, 5046, 5047, 5053)
(10233, 37, 5029, 5035, 5041, 5052)
(10234, 47, 5031, 5042, 5048, 5054)
(10235, 19, 5027, 5016, 5005)
(10236, 40, 5007, 5018, 5029, 5040)
(10237, 53, 5031, 5042, 5053)
(10238, 7, 5059, 5054, 5043, 5032, 5021)
(10239, 48, 5006, 5017, 5028, 5034, 5040, 5046, 5047, 5053)
(10240, 40, 5049, 5044, 5039, 5028, 5023, 5018, 5013)
(10241, 51, 5006, 5012, 5013, 5019, 5030, 5036, 5042, 5053)
(10242, 43, 5007, 5013, 5019, 5030, 5036)
(10243, 217, 5028, 5017, 5006)
(10244, 27, 5027, 5016, 5005)
(10245, 196, 5028, 5039, 5050, 5056)
(10246, 157, 5034, 5028, 5017, 5006, 5000)
(10247, 65, 5016, 5022, 5028, 5034, 5040)
(10248, 23, 5008, 5019, 5030, 5035, 5034, 5039, 5044, 5049)
(10249, 220, 5028, 5017, 5006)
(10250, 223, 5028, 5017, 5006)
(10251, 24, 5032, 5021, 5015, 5014, 5013, 5007)
(10252, 115, 5021, 5032, 5037, 5036, 5041, 5052)
(10253, 167, 5034, 5028, 5017, 5006)
(10254, 195, 5036, 5030, 5019, 5013, 5012, 5006, 5000)
(10255, 10, 5059, 5054, 5043, 5032, 5021)
(10256, 29, 5048, 5047, 5041, 5030, 5019)
(10257, 71, 5016, 5022, 5028, 5039, 5050)
(10258, 210, 5028, 5034, 5040, 5046, 5047, 5053)
(10259, 225, 5028, 5034, 5040, 5046, 5047, 5053)
(10260, 98, 5018, 5023, 5028, 5039, 5050, 5055)
(10261, 74, 5016, 5022, 5028, 5039)
(10262, 54, 5006, 5017, 5028, 5034, 5040, 5046, 5052)
(10263, 121, 5015, 5014, 5013, 5018, 5023, 5028, 5039, 5044, 5049)
(10264, 30, 5027, 5016, 5005)
(10265, 59, 5052, 5041, 5030, 5019, 5014, 5009)
(10266, 28, 5056, 5050, 5039, 5028, 5017, 5006)
(10267, 28, 5008, 5019, 5030, 5041)
(10268, 51, 5048, 5042, 5031, 5020, 5009)
(10269, 61, 5040, 5035, 5036, 5031, 5026, 5021, 5010)
(10270, 183, 5035, 5034, 5028, 5017, 5006)
(10271, 56, 5022, 5028, 5034, 5040, 5046, 5047, 5048, 5054)
(10272, 31, 5051, 5040, 5029)
(10273, 46, 5007, 5013, 5019, 5030, 5041, 5052)
(10274, 170, 5034, 5028, 5017, 5006)
(10275, 51, 5050, 5039, 5028, 5017)
(10276, 109, 5013, 5019, 5030, 5041, 5047, 5048, 5054)
(10277, 34, 5008, 5019, 5030, 5041, 5047, 5053)
(10278, 16, 5053, 5047, 5041, 5030, 5019, 5013)
(10279, 229, 5028, 5017, 5006)
(10280, 124, 5021, 5032, 5043, 5054, 5059)
(10281, 112, 5013, 5019, 5030, 5041, 5047, 5048, 5054)
(10282, 31, 5044, 5039, 5028, 5023, 5018, 5013, 5014, 5015, 5010)
(10283, 118, 5013, 5019, 5030, 5041, 5047)
(10284, 66, 5019, 5030, 5036, 5042)
(10285, 198, 5036, 5030, 5019, 5013, 5012, 5006, 5000)
(10286, 67, 5022, 5028, 5039, 5050)
(10287, 16, 5053, 5047, 5041, 5030, 5019, 5013, 5007)
(10288, 237, 5028, 5034, 5040, 5046, 5047, 5048, 5054)
(10289, 245, 5028, 5039, 5050, 5056, 5057)
(10290, 62, 5020, 5031, 5042, 5053)
(10291, 193, 5030, 5019, 5013, 5007)
(10292, 23, 5009, 5020, 5031, 5042, 5047, 5046)
(10293, 71, 5050, 5039, 5028, 5017)
(10294, 51, 5049, 5038, 5027, 5016)
(10295, 137, 5039, 5028, 5017, 5012, 5007)
(10296, 59, 5048, 5042, 5031, 5020)
(10297, 36, 5032, 5021, 5015, 5014, 5008)
(10298, 248, 5028, 5034, 5040, 5046, 5047, 5053)
(10299, 77, 5016, 5022, 5028, 5034, 5035, 5036, 5042, 5048)
(10300, 74, 5050, 5039, 5028, 5022)
(10301, 70, 5052, 5041, 5030, 5019)
(10302, 127, 5021, 5032, 5043, 5048, 5047, 5052, 5057)
(10303, 22, 5053, 5047, 5041, 5030, 5019, 5013, 5012)
(10304, 16, 5000, 5006, 5017, 5028, 5039, 5050, 5056)
(10305, 146, 5039, 5034, 5035, 5036, 5031, 5026, 5021, 5010)
(10306, 34, 5010, 5021, 5032, 5037, 5042)
(10307, 204, 5030, 5019, 5013, 5007)
(10308, 31, 5056, 5050, 5039, 5028, 5022, 5016)
(10309, 37, 5029, 5040, 5046, 5047, 5048, 5054)
(10310, 67, 5040, 5035, 5030, 5019, 5008, 5003)
(10311, 121, 5013, 5019, 5030, 5041)
(10312, 23, 5009, 5020, 5031, 5042, 5047)
(10313, 33, 5027, 5016, 5005)
(10314, 34, 5008, 5019, 5030, 5041, 5052)
(10315, 28, 5009, 5015, 5021, 5032)
(10316, 34, 5051, 5040, 5029, 5018, 5007)
(10317, 117, 5041, 5030, 5019, 5013, 5012)
(10318, 149, 5039, 5034, 5035, 5036, 5031, 5026, 5021, 5010)
(10319, 236, 5028, 5017, 5006)
(10320, 28, 5009, 5020, 5031, 5036, 5041, 5052)
(10321, 184, 5030, 5041, 5052)
(10322, 37, 5044, 5039, 5028, 5017, 5006)
(10323, 22, 5053, 5047, 5041, 5030, 5019, 5013, 5007)
(10324, 187, 5030, 5041, 5052)
(10325, 73, 5040, 5035, 5030, 5019, 5008, 5003)
(10326, 130, 5021, 5032, 5043, 5054, 5059)
(10327, 51, 5055, 5056, 5057, 5052, 5041, 5036, 5031, 5020, 5015)
(10328, 82, 5056, 5057, 5052, 5041, 5036, 5031, 5020, 5015)
(10329, 39, 5010, 5021, 5032, 5037, 5036, 5041, 5052, 5057, 5056)
(10330, 69, 5019, 5030, 5041, 5052, 5057)
(10331, 24, 5054, 5048, 5047, 5041, 5030, 5019, 5013, 5012, 5006)
(10332, 44, 5057, 5052, 5041, 5030, 5019)
(10333, 62, 5020, 5031, 5042, 5047, 5052)
(10334, 72, 5019, 5030, 5041, 5052)
(10335, 70, 5020, 5031, 5042)
(10336, 69, 5032, 5043, 5054)
(10337, 70, 5020, 5031, 5042, 5053)
(10338, 80, 5016, 5022, 5028, 5039, 5050, 5056, 5057)
(10339, 106, 5019, 5030, 5041, 5052, 5057, 5056)
(10340, 87, 5040, 5034, 5028, 5017, 5006, 5000)
(10341, 27, 5054, 5043, 5032)
(10342, 27, 5059, 5054, 5043, 5032, 5021, 5010)
(10343, 34, 5009, 5020, 5031, 5042)
(10344, 90, 5040, 5034, 5028, 5017)
(10345, 57, 5006, 5017, 5028, 5034, 5040, 5046)
(10346, 86, 5016, 5022, 5028, 5034, 5035, 5036, 5042)
(10347, 136, 5021, 5032, 5037, 5036, 5041, 5052, 5057)
(10348, 254, 5028, 5034, 5040, 5046, 5047, 5053)
(10349, 116, 5042, 5036, 5035, 5034, 5028, 5022, 5016)
(10350, 45, 5010, 5021, 5032, 5037, 5042)
(10351, 33, 5054, 5043, 5032, 5021, 5010)
(10352, 39, 5054, 5043, 5032, 5021, 5010)
(10353, 49, 5007, 5018, 5023, 5028, 5039, 5050)
(10354, 123, 5041, 5030, 5019)
(10355, 89, 5032, 5043, 5054)
(10356, 75, 5015, 5021, 5032, 5043, 5054)
(10357, 142, 5021, 5032, 5037, 5036, 5041, 5052, 5057)
(10358, 30, 5053, 5047, 5041, 5035, 5034, 5028, 5022)
(10359, 124, 5013, 5019, 5030, 5041, 5047, 5053)
(10360, 45, 5044, 5039, 5034, 5035, 5030, 5019, 5014, 5015, 5010)
(10361, 98, 5032, 5043, 5054)
(10362, 109, 5019, 5030, 5041)
(10363, 39, 5032, 5021, 5015, 5014, 5013, 5007)
(10364, 176, 5034, 5028, 5017, 5006)
(10365, 260, 5028, 5039, 5050)
(10366, 45, 5054, 5048, 5047, 5041, 5030, 5019, 5013, 5007)
(10367, 179, 5034, 5028, 5017, 5006, 5000)
(10368, 188, 5029, 5018, 5007)
(10369, 127, 5018, 5029, 5040, 5051)
(10370, 19, 5005, 5016, 5027)
(10371, 19, 5000, 5006, 5017, 5028, 5039, 5050, 5056)
(10372, 135, 5013, 5019, 5030, 5041)
(10373, 152, 5039, 5028, 5017, 5012, 5007, 5002, 5003)
(10374, 56, 5038, 5027, 5016)
(10375, 129, 5041, 5030, 5019, 5013, 5007)
(10376, 119, 5019, 5030, 5036, 5042, 5048, 5054)
(10377, 201, 5036, 5030, 5019, 5008)
(10378, 76, 5052, 5041, 5030, 5019, 5013, 5007)
(10379, 119, 5042, 5036, 5030, 5019, 5013)
(10380, 51, 5055, 5056, 5057, 5052, 5041, 5030, 5019)
(10381, 138, 5013, 5019, 5030, 5041, 5047)
(10382, 129, 5042, 5036, 5030, 5019, 5013, 5012)
(10383, 101, 5032, 5043, 5054)
(10384, 78, 5020, 5031, 5042, 5047, 5052, 5057, 5056)
(10385, 118, 5032, 5043, 5054)
(10386, 69, 5048, 5047, 5046, 5040, 5034, 5028, 5022, 5016)
(10387, 57, 5055, 5056, 5057, 5052, 5041, 5030, 5019)
(10388, 22, 5000, 5006, 5017, 5028, 5034, 5035, 5041)
(10389, 93, 5040, 5034, 5028, 5017, 5006, 5000)
(10390, 132, 5042, 5036, 5030, 5019, 5013, 5012, 5006, 5000)
(10391, 34, 5009, 5020, 5031, 5036, 5035, 5034, 5039, 5044, 5049)
(10392, 239, 5028, 5017, 5006)
(10393, 55, 5007, 5018, 5023, 5028, 5039, 5050, 5055)
(10394, 25, 5000, 5006, 5017, 5028, 5034, 5035, 5036, 5042, 5048)
(10395, 135, 5042, 5031, 5020)
(10396, 50, 5057, 5052, 5047, 5042, 5031, 5020, 5009)
(10397, 53, 5057, 5052, 5041, 5030, 5019, 5008, 5003)
(10398, 85, 5050, 5039, 5028, 5017, 5006, 5000)
(10399, 133, 5019, 5030, 5036, 5042, 5048)
(10400, 133, 5032, 5043, 5054)
(10401, 48, 5054, 5048, 5047, 5041, 5035, 5029)
(10402, 88, 5056, 5057, 5052, 5041, 5036, 5031, 5020)
(10403, 273, 5028, 5039, 5050, 5056)
(10404, 228, 5035, 5034, 5028, 5017, 5006, 5000)
(10405, 91, 5050, 5039, 5028)
(10406, 207, 5036, 5030, 5019, 5013, 5012, 5006)
(10407, 50, 5010, 5021, 5032, 5043)
(10408, 276, 5028, 5039, 5050)
(10409, 145, 5042, 5036, 5030, 5019, 5008)
(10410, 89, 5016, 5027, 5038, 5049)
(10411, 231, 5030, 5019, 5013, 5007)
(10412, 62, 5044, 5039, 5028, 5017, 5006)
(10413, 79, 5052, 5041, 5030, 5019, 5014, 5015)
(10414, 96, 5040, 5029, 5018)
(10415, 56, 5056, 5050, 5039, 5028, 5022)
(10416, 28, 5000, 5006, 5017, 5028, 5039, 5050)
(10417, 40, 5009, 5020, 5031, 5042)
(10418, 48, 5029, 5040, 5051)
(10419, 30, 5053, 5042, 5031, 5020, 5009)
(10420, 210, 5036, 5030, 5019, 5008)
(10421, 188, 5034, 5028, 5017, 5006, 5000)
(10422, 72, 5048, 5047, 5046, 5040, 5034, 5028, 5022, 5016)
(10423, 100, 5017, 5028, 5039, 5050, 5056)
(10424, 57, 5055, 5056, 5057, 5052, 5041, 5036, 5031, 5020, 5015, 5010)
(10425, 56, 5010, 5021, 5032, 5037, 5036, 5041)
(10426, 45, 5002, 5007, 5012, 5017, 5028, 5039, 5044, 5049)
(10427, 63, 5055, 5056, 5057, 5052, 5041, 5036, 5031, 5020, 5015, 5010)
(10428, 155, 5039, 5028, 5017, 5006, 5000)
(10429, 158, 5039, 5028, 5017, 5012, 5007, 5002)
(10430, 63, 5049, 5044, 5039, 5028, 5017, 5012)
(10431, 63, 5006, 5017, 5028, 5039, 5050, 5056)
(10432, 253, 5028, 5017, 5006)
(10433, 56, 5010, 5021, 5032, 5037, 5036, 5035, 5034, 5039)
(10434, 143, 5019, 5030, 5035, 5034, 5039, 5050)
(10435, 66, 5006, 5012, 5013, 5019, 5030, 5036)
(10436, 149, 5019, 5030, 5036, 5042, 5048)
(10437, 56, 5031, 5042, 5048, 5054)
(10438, 256, 5028, 5017, 5006, 5000)
(10439, 148, 5042, 5036, 5030, 5019, 5013, 5012, 5006)
(10440, 151, 5032, 5043, 5054)
(10441, 78, 5015, 5021, 5032, 5043)
(10442, 31, 5000, 5006, 5017, 5028, 5039, 5050, 5056)
(10443, 81, 5014, 5013, 5018, 5023, 5028, 5039, 5050, 5055)
(10444, 265, 5028, 5017, 5006)
(10445, 102, 5040, 5035, 5030, 5019, 5008, 5003)
(10446, 84, 5048, 5047, 5041, 5030, 5019, 5013, 5012, 5006, 5000)
(10447, 216, 5036, 5030, 5019, 5013, 5012, 5006)
(10448, 73, 5044, 5039, 5028, 5023, 5018, 5007, 5002)
(10449, 36, 5053, 5047, 5041, 5035, 5034, 5028, 5022, 5016)
(10450, 81, 5015, 5021, 5032, 5043, 5054)
(10451, 190, 5030, 5041, 5047, 5053)
(10452, 51, 5029, 5035, 5041, 5047, 5048, 5054)
(10453, 194, 5034, 5028, 5017, 5006)
(10454, 40, 5009, 5020, 5031, 5036, 5035, 5034, 5039, 5044, 5049)
(10455, 145, 5018, 5023, 5028, 5039, 5050, 5055)
(10456, 62, 5056, 5050, 5039, 5028, 5022)
(10457, 145, 5021, 5032, 5037, 5036, 5035, 5034, 5039, 5050)
(10458, 108, 5040, 5029, 5018, 5007)
(10459, 74, 5037, 5036, 5035, 5034, 5028, 5017, 5006, 5000)
(10460, 88, 5037, 5036, 5035, 5034, 5028, 5017, 5006)
(10461, 51, 5009, 5020, 5031, 5036, 5041, 5052, 5057, 5056, 5055)
(10462, 76, 5029, 5040, 5051)
(10463, 156, 5019, 5030, 5036, 5042, 5048, 5054)
(10464, 69, 5006, 5012, 5013, 5019, 5030, 5036, 5042)
(10465, 198, 5030, 5041, 5047, 5053)
(10466, 209, 5030, 5041, 5047, 5048, 5054)
(10467, 154, 5032, 5043, 5054)
(10468, 51, 5009, 5020, 5031, 5036, 5041)
(10469, 93, 5032, 5021, 5015, 5014, 5013, 5007)
(10470, 243, 5035, 5034, 5028, 5017, 5006, 5000)
(10471, 97, 5050, 5039, 5028, 5017, 5006, 5000)
(10472, 217, 5030, 5041, 5052)
(10473, 232, 5030, 5041, 5047, 5048, 5054)
(10474, 104, 5017, 5028, 5034, 5035, 5036, 5042)
(10475, 151, 5042, 5031, 5020, 5009)
(10476, 100, 5050, 5039, 5028, 5017, 5006)
(10477, 164, 5039, 5028, 5017, 5012, 5007, 5002, 5003)
(10478, 72, 5006, 5012, 5013, 5019, 5030)
(10479, 103, 5050, 5039, 5028, 5022, 5016)
(10480, 164, 5019, 5030, 5041, 5052)
(10481, 203, 5034, 5028, 5017, 5006, 5000)
(10482, 268, 5028, 5017, 5006, 5000)
(10483, 111, 5012, 5013, 5019, 5030, 5036, 5042, 5048, 5054)
(10484, 112, 5050, 5039, 5028)
(10485, 282, 5028, 5039, 5050, 5056, 5057)
(10486, 67, 5010, 5021, 5032, 5043)
(10487, 163, 5032, 5043, 5054)
(10488, 94, 5027, 5038, 5049)
(10489, 288, 5028, 5039, 5050, 5056)
(10490, 66, 5031, 5042, 5053)
(10491, 54, 5054, 5043, 5032)
(10492, 133, 5041, 5036, 5031, 5026, 5021, 5010)
(10493, 74, 5056, 5050, 5039, 5028, 5017, 5006)
(10494, 92, 5016, 5022, 5028, 5034, 5040, 5046)
(10495, 170, 5032, 5043, 5054)
(10496, 41, 5053, 5047, 5041, 5035, 5034, 5028, 5022, 5016)
(10497, 70, 5031, 5042, 5048, 5054)
(10498, 90, 5048, 5047, 5041, 5030, 5019, 5013, 5007)
(10499, 90, 5052, 5041, 5030, 5019, 5013)
(10500, 63, 5049, 5038, 5027)
(10501, 69, 5049, 5044, 5039, 5028, 5023, 5018, 5013)
(10502, 206, 5029, 5018, 5007)
(10503, 158, 5013, 5019, 5030, 5041, 5047, 5053)
(10504, 176, 5032, 5043, 5054)
(10505, 67, 5010, 5021, 5032, 5043, 5054)
(10506, 92, 5015, 5021, 5032, 5043)
(10507, 206, 5034, 5028, 5017, 5006)
(10508, 174, 5039, 5028, 5017, 5012, 5007, 5002, 5003)
(10509, 103, 5027, 5038, 5049)
(10510, 82, 5029, 5035, 5041, 5052, 5058)
(10511, 79, 5051, 5040, 5029, 5018, 5007)