(10000, 1, 5040, 5029, 5023, 5017, 5006)
(10001, 2, 5032, 5043, 5054)
(10002, 2, 5017, 5023, 5029, 5035, 5036, 5042)
(10003, 3, 5020, 5031, 5036, 5041, 5052)
(10004, 1, 5039, 5034, 5029, 5018, 5007, 5002, 5003)
(10005, 2, 5030, 5019, 5008, 5002, 5001)
(10006, 2, 5013, 5019, 5030, 5036, 5042)
(10007, 2, 5010, 5021, 5026, 5025, 5030, 5035, 5034, 5039, 5044, 5049)
(10008, 3, 5017, 5023, 5029, 5040, 5051)
(10009, 2, 5053, 5048, 5043, 5032, 5021, 5010)
(10010, 2, 5000, 5005, 5016, 5027, 5038)
(10011, 2, 5050, 5039, 5028, 5017, 5006)
(10012, 1, 5023, 5029, 5040, 5051)
(10013, 1, 5030, 5019, 5008, 5002, 5001)
(10014, 1, 5008, 5019, 5030, 5041)
(10015, 2, 5049, 5044, 5039, 5034, 5029, 5018, 5013)
(10016, 3, 5054, 5043, 5032, 5021)
(10017, 5, 5040, 5034, 5028, 5017, 5006)
(10018, 2, 5041, 5030, 5019, 5013, 5012)
(10019, 3, 5017, 5023, 5029, 5035, 5041)
(10020, 2, 5036, 5030, 5019, 5013, 5007, 5001)
(10021, 1, 5036, 5030, 5019, 5008, 5002, 5001, 5000)
(10022, 2, 5009, 5020, 5031, 5036, 5041, 5052)
(10023, 2, 5030, 5019, 5013, 5007)
(10024, 1, 5043, 5032, 5021, 5015)
(10025, 2, 5036, 5030, 5019, 5008, 5002)
(10026, 1, 5015, 5020, 5031, 5036, 5035, 5034, 5039, 5050)
(10027, 2, 5051, 5040, 5029, 5018, 5013)
(10028, 1, 5030, 5019, 5013, 5007, 5001)
(10029, 3, 5026, 5032, 5043, 5054)
(10030, 3, 5030, 5019, 5013, 5007, 5001)
(10031, 3, 5018, 5029, 5040)
(10032, 3, 5044, 5039, 5034, 5029, 5018, 5013, 5008)
(10033, 1, 5032, 5043, 5054)
(10034, 3, 5029, 5040, 5051, 5057, 5058)
(10035, 3, 5008, 5014, 5020, 5026, 5032)
(10036, 2, 5011, 5017, 5023, 5029, 5035, 5041)
(10037, 2, 5009, 5020, 5031, 5036, 5035, 5040, 5051)
(10038, 1, 5001, 5002, 5008, 5019, 5030, 5036, 5042, 5053)
(10039, 3, 5029, 5040, 5051)
(10040, 3, 5029, 5018, 5007, 5001)
(10041, 2, 5030, 5036, 5042, 5053)
(10042, 3, 5017, 5023, 5029, 5035, 5036, 5037, 5043, 5054)
(10043, 2, 5021, 5032, 5043, 5054)
(10044, 3, 5049, 5044, 5039, 5034, 5029, 5018, 5013, 5014, 5015)
(10045, 3, 5049, 5044, 5039, 5034, 5029, 5018, 5007, 5002, 5003)
(10046, 3, 5041, 5030, 5019, 5008, 5002, 5001)
(10047, 6, 5040, 5029, 5018, 5007, 5002)
(10048, 1, 5041, 5030, 5025, 5020, 5009)
(10049, 3, 5003, 5008, 5013, 5018, 5029, 5034, 5039, 5044)
(10050, 1, 5058, 5053, 5048, 5043, 5032, 5021, 5010)
(10051, 1, 5005, 5016, 5027, 5038)
(10052, 9, 5029, 5040, 5051, 5057, 5058)
(10053, 2, 5015, 5021, 5032, 5043)
(10054, 2, 5009, 5020, 5031)
(10055, 2, 5000, 5006, 5017, 5028, 5034)
(10056, 13, 5040, 5029, 5023, 5017, 5011)
(10057, 2, 5027, 5038, 5044, 5050)
(10058, 3, 5043, 5037, 5036, 5030, 5019, 5008)
(10059, 2, 5028, 5034, 5040, 5051, 5057)
(10060, 1, 5000, 5001, 5007, 5013, 5014, 5015, 5021, 5032, 5043)
(10061, 3, 5031, 5020, 5009)
(10062, 3, 5043, 5037, 5036, 5030, 5019, 5008)
(10063, 3, 5027, 5038, 5044, 5050)
(10064, 3, 5018, 5029, 5034, 5039, 5050)
(10065, 1, 5018, 5029, 5034, 5039, 5050, 5055)
(10066, 1, 5049, 5044, 5039, 5034, 5029, 5018, 5013, 5014, 5015)
(10067, 1, 5009, 5020, 5031, 5036, 5041)
(10068, 4, 5032, 5043, 5054)
(10069, 3, 5057, 5051, 5040, 5029, 5023, 5017, 5006, 5000)
(10070, 29, 5042, 5036, 5030, 5019, 5013, 5007)
(10071, 3, 5031, 5042, 5053)
(10072, 4, 5028, 5034, 5040, 5051, 5057, 5058)
(10073, 1, 5020, 5025, 5030, 5041, 5046, 5051)
(10074, 2, 5000, 5006, 5017, 5028, 5039)
(10075, 2, 5009, 5020, 5031, 5036, 5035, 5034, 5039, 5044)
(10076, 4, 5043, 5037, 5036, 5030, 5019, 5013, 5007)
(10077, 1, 5029, 5035, 5036, 5037, 5043, 5054)
(10078, 1, 5019, 5030, 5041, 5052)
(10079, 1, 5022, 5023, 5029, 5035, 5036, 5037, 5043, 5054)
(10080, 3, 5013, 5014, 5015, 5021, 5032, 5043, 5054)
(10081, 2, 5043, 5037, 5036, 5030, 5019, 5013, 5007, 5001)
(10082, 3, 5028, 5017, 5006)
(10083, 26, 5032, 5043, 5054)
(10084, 2, 5051, 5040, 5029, 5018, 5013, 5014)
(10085, 3, 5000, 5006, 5017, 5028, 5039)
(10086, 1, 5028, 5017, 5006, 5000)
(10087, 2, 5044, 5039, 5034, 5029, 5018, 5013, 5008)
(10088, 1, 5010, 5021, 5026, 5031, 5036, 5035, 5034, 5039, 5044)
(10089, 2, 5026, 5032, 5043, 5054)
(10090, 1, 5032, 5043, 5054)
(10091, 3, 5029, 5018, 5007)
(10092, 2, 5020, 5025, 5030, 5041, 5052)
(10093, 2, 5042, 5036, 5030, 5019, 5008, 5002, 5001)
(10094, 1, 5002, 5007, 5018, 5029, 5034, 5039, 5044, 5049)
(10095, 3, 5016, 5027, 5038, 5049)
(10096, 1, 5041, 5030, 5019, 5008, 5002, 5001)
(10097, 1, 5057, 5051, 5040, 5029, 5023, 5017, 5011)
(10098, 2, 5037, 5036, 5030, 5019, 5013, 5007, 5001, 5000)
(10099, 3, 5030, 5041, 5052)
(10100, 1, 5054, 5043, 5032, 5021, 5015, 5009)
(10101, 2, 5052, 5041, 5030, 5019, 5008, 5003)
(10102, 2, 5053, 5042, 5031)
(10103, 2, 5027, 5016, 5005)
(10104, 1, 5049, 5044, 5039, 5034, 5029, 5018, 5013, 5014, 5015, 5010)
(10105, 1, 5013, 5018, 5029, 5040, 5051)
(10106, 29, 5037, 5036, 5030, 5019, 5013, 5007, 5001, 5000)
(10107, 39, 5029, 5035, 5036, 5037, 5043, 5054)
(10108, 1, 5051, 5040, 5029, 5018, 5013, 5014, 5015)
(10109, 6, 5051, 5040, 5029, 5018)
(10110, 1, 5036, 5030, 5019, 5008)
(10111, 2, 5021, 5026, 5031, 5036, 5041, 5046, 5051)
(10112, 1, 5009, 5020, 5031, 5042)
(10113, 2, 5002, 5007, 5018, 5029, 5034, 5039)
(10114, 1, 5032, 5026, 5020, 5009)
(10115, 1, 5030, 5019, 5013, 5007, 5001, 5000)
(10116, 1, 5011, 5017, 5023, 5029, 5035, 5041)
(10117, 4, 5031, 5042, 5053)
(10118, 3, 5020, 5031, 5042, 5053)
(10119, 2, 5043, 5037, 5036, 5030, 5019, 5008)
(10120, 1, 5028, 5039, 5050)
(10121, 2, 5029, 5018, 5007)
(10122, 8, 5020, 5025, 5030, 5041, 5046, 5051)
(10123, 1, 5005, 5016, 5027)
(10124, 4, 5029, 5023, 5017, 5011, 5005)
(10125, 1, 5023, 5029, 5035, 5036, 5042, 5053)
(10126, 3, 5000, 5001, 5002, 5008, 5019, 5030, 5036, 5037)
(10127, 1, 5017, 5023, 5029, 5040, 5046)
(10128, 5, 5031, 5042, 5053)
(10129, 2, 5057, 5051, 5040, 5029)
(10130, 3, 5000, 5005, 5016, 5027, 5038)
(10131, 4, 5043, 5037, 5036, 5030, 5019, 5013, 5007, 5001)
(10132, 1, 5000, 5001, 5007, 5013, 5019, 5030, 5036)
(10133, 1, 5000, 5006, 5017, 5023, 5029, 5040)
(10134, 29, 5043, 5037, 5036, 5030, 5019, 5013, 5007, 5001, 5000)
(10135, 2, 5037, 5036, 5030, 5019, 5013, 5007)
(10136, 3, 5039, 5034, 5029, 5018, 5007, 5002)
(10137, 2, 5029, 5040, 5051)
(10138, 1, 5027, 5016, 5005)
(10139, 2, 5049, 5038, 5027, 5016, 5011)
(10140, 3, 5052, 5041, 5030)
(10141, 2, 5003, 5008, 5013, 5018, 5029, 5034, 5039, 5044, 5049)
(10142, 3, 5011, 5017, 5023, 5029, 5035, 5041)
(10143, 1, 5032, 5043, 5054)
(10144, 3, 5039, 5028, 5017, 5006)
(10145, 2, 5002, 5008, 5019, 5030, 5041)
(10146, 4, 5049, 5038, 5027, 5016, 5011, 5006)
(10147, 1, 5007, 5018, 5029, 5034, 5039, 5044)
(10148, 19, 5051, 5040, 5029, 5018, 5007)
(10149, 2, 5031, 5020, 5009)
(10150, 2, 5028, 5039, 5050)
(10151, 2, 5013, 5019, 5030, 5036, 5042, 5053)
(10152, 4, 5030, 5019, 5013, 5007, 5001, 5000)
(10153, 3, 5010, 5021, 5026, 5025, 5030, 5035, 5034, 5039, 5044)
(10154, 1, 5036, 5030, 5019, 5008, 5002)
(10155, 2, 5011, 5012, 5013, 5014, 5015, 5021, 5032, 5043, 5054)
(10156, 2, 5043, 5032, 5021, 5010)
(10157, 4, 5030, 5019, 5008)
(10158, 2, 5053, 5048, 5043, 5032, 5021)
(10159, 19, 5040, 5029, 5018, 5007, 5002, 5003)
(10160, 1, 5041, 5030, 5019)
(10161, 2, 5000, 5005, 5016, 5027, 5038)
(10162, 2, 5032, 5021, 5010)
(10163, 5, 5030, 5019, 5008, 5002, 5001)
(10164, 4, 5039, 5028, 5017, 5006)
(10165, 5, 5042, 5031, 5020, 5009)
(10166, 3, 5002, 5007, 5018, 5029, 5034, 5039, 5044)
(10167, 3, 5021, 5032, 5043, 5048, 5053, 5058, 5057)
(10168, 17, 5040, 5034, 5028, 5017, 5011)
(10169, 5, 5031, 5042, 5053)
(10170, 3, 5054, 5043, 5032)
(10171, 11, 5000, 5006, 5017, 5023, 5029, 5040, 5051)
(10172, 1, 5051, 5040, 5029, 5018, 5013)
(10173, 1, 5002, 5007, 5018, 5029, 5034, 5039, 5050)
(10174, 2, 5010, 5021, 5026, 5031, 5036, 5035, 5034, 5039, 5044, 5049)
(10175, 1, 5030, 5041, 5052)
(10176, 3, 5009, 5020, 5025, 5030, 5041)
(10177, 1, 5003, 5008, 5013, 5018, 5029, 5034, 5039, 5044, 5049)
(10178, 3, 5009, 5020, 5031, 5036, 5035, 5034, 5039)
(10179, 8, 5020, 5025, 5030, 5041, 5046, 5051)
(10180, 1, 5013, 5019, 5030, 5036, 5042)
(10181, 3, 5028, 5017, 5006, 5000)
(10182, 2, 5030, 5041, 5052)
(10183, 1, 5029, 5040, 5051, 5057)
(10184, 2, 5031, 5042, 5053)
(10185, 1, 5017, 5028, 5039, 5050)
(10186, 4, 5054, 5043, 5032, 5021, 5015)
(10187, 2, 5031, 5020, 5009)
(10188, 2, 5053, 5042, 5036, 5030, 5019, 5013, 5007)
(10189, 1, 5057, 5051, 5040, 5029, 5023, 5022)
(10190, 1, 5032, 5021, 5010)
(10191, 2, 5029, 5040, 5051)
(10192, 17, 5040, 5034, 5028, 5017)
(10193, 2, 5041, 5030, 5019, 5013)
(10194, 5, 5039, 5028, 5017, 5006)
(10195, 2, 5046, 5040, 5029, 5023, 5017, 5011)
(10196, 1, 5020, 5031, 5042, 5053)
(10197, 1, 5018, 5029, 5040)
(10198, 1, 5037, 5036, 5030, 5019, 5013, 5007, 5001)
(10199, 3, 5036, 5030, 5019, 5008, 5002, 5001)
(10200, 11, 5018, 5029, 5034, 5039, 5050, 5055)
(10201, 3, 5041, 5030, 5019, 5013)
(10202, 3, 5058, 5053, 5048, 5043, 5032, 5021)
(10203, 2, 5028, 5017, 5006)
(10204, 2, 5042, 5036, 5030, 5019, 5008)
(10205, 3, 5032, 5021, 5010, 5004)
(10206, 1, 5050, 5039, 5034, 5029, 5018, 5013, 5014)
(10207, 2, 5019, 5030, 5036, 5037, 5043, 5054)
(10208, 3, 5036, 5030, 5019, 5008, 5002, 5001)
(10209, 5, 5039, 5028, 5017)
(10210, 8, 5020, 5025, 5030, 5041, 5046, 5051)
(10211, 6, 5020, 5031, 5042, 5053)
(10212, 1, 5058, 5057, 5056, 5050, 5044, 5038, 5027)
(10213, 1, 5007, 5018, 5029, 5040, 5051, 5057)
(10214, 3, 5011, 5017, 5028, 5034, 5040, 5051)
(10215, 4, 5036, 5030, 5019, 5013, 5007, 5001)
(10216, 3, 5013, 5018, 5029, 5040, 5051)
(10217, 6, 5049, 5044, 5039, 5034, 5029, 5018, 5013, 5014)
(10218, 1, 5023, 5029, 5035, 5036, 5042, 5053)
(10219, 11, 5000, 5006, 5017, 5023, 5029, 5040, 5051, 5057)
(10220, 3, 5008, 5019, 5030, 5036)
(10221, 1, 5028, 5017, 5011, 5005)
(10222, 3, 5021, 5032, 5043, 5048, 5053, 5058)
(10223, 3, 5058, 5053, 5048, 5043, 5032, 5021, 5010)
(10224, 26, 5032, 5043, 5054)
(10225, 2, 5008, 5019, 5030, 5041)
(10226, 29, 5037, 5036, 5030, 5019, 5013, 5007)
(10227, 1, 5008, 5019, 5030, 5041)
(10228, 26, 5032, 5043, 5054)
(10229, 1, 5026, 5032, 5043, 5054)
(10230, 39, 5029, 5035, 5036, 5037, 5043, 5054)
(10231, 4, 5001, 5002, 5008, 5014, 5020, 5026, 5032, 5043)
(10232, 1, 5030, 5019, 5008, 5002)
(10233, 1, 5023, 5029, 5040, 5051)
(10234, 6, 5039, 5034, 5029, 5018, 5013, 5014, 5015, 5010)
(10235, 1, 5018, 5029, 5040, 5051, 5057)
(10236, 3, 5017, 5028, 5039)
(10237, 2, 5027, 5016, 5005)
(10238, 1, 5020, 5031, 5042)
(10239, 9, 5020, 5031, 5036, 5035, 5034, 5039, 5044, 5049)
(10240, 3, 5030, 5036, 5042, 5053)
(10241, 4, 5028, 5039, 5050)
(10242, 1, 5030, 5036, 5037, 5043, 5054)
(10243, 1, 5021, 5032, 5043, 5048, 5053, 5058, 5057)
(10244, 3, 5053, 5042, 5031, 5020, 5009)
(10245, 4, 5049, 5038, 5027, 5016)
(10246, 2, 5043, 5037, 5036, 5030, 5019, 5013, 5007, 5001)
(10247, 1, 5051, 5040, 5029, 5018, 5013)
(10248, 3, 5046, 5040, 5029, 5023, 5017)
(10249, 29, 5037, 5036, 5030, 5019, 5008)
(10250, 3, 5053, 5042, 5036, 5030, 5019, 5008)
(10251, 4, 5008, 5019, 5030, 5036, 5042, 5053, 5059)
(10252, 2, 5043, 5037, 5036, 5030, 5019)
(10253, 2, 5059, 5058, 5057, 5051, 5040, 5034, 5028, 5022)
(10254, 26, 5032, 5043, 5054)
(10255, 2, 5050, 5039, 5034, 5029, 5018, 5013, 5014, 5015)
(10256, 4, 5011, 5017, 5028, 5034, 5035, 5036, 5042)
(10257, 1, 5051, 5040, 5029, 5018, 5013, 5014, 5015, 5010)
(10258, 7, 5049, 5038, 5027, 5016, 5011)
(10259, 2, 5028, 5017, 5006)
(10260, 3, 5038, 5027, 5016)
(10261, 5, 5028, 5034, 5040, 5051)
(10262, 1, 5038, 5027, 5016, 5011, 5006)
(10263, 18, 5040, 5034, 5028, 5017, 5006)
(10264, 1, 5040, 5029, 5018)
(10265, 1, 5037, 5036, 5030, 5019, 5013, 5007, 5001)
(10266, 3, 5050, 5039, 5028, 5017)
(10267, 5, 5042, 5031, 5020)
(10268, 4, 5036, 5030, 5019, 5008)
(10269, 3, 5015, 5021, 5032, 5043, 5054)
(10270, 4, 5011, 5017, 5028, 5034, 5040, 5051)
(10271, 28, 5032, 5043, 5054)
(10272, 26, 5053, 5042, 5036, 5030, 5024)
(10273, 6, 5031, 5042, 5053)
(10274, 4, 5041, 5030, 5019, 5008, 5002, 5001)
(10275, 3, 5027, 5016, 5005)
(10276, 2, 5019, 5030, 5036, 5042, 5053)
(10277, 29, 5037, 5036, 5030, 5019, 5013, 5007)
(10278, 2, 5040, 5029, 5018, 5007)
(10279, 1, 5026, 5032, 5043, 5054)
(10280, 29, 5030, 5019, 5008)
(10281, 18, 5019, 5030, 5036, 5042, 5053)
(10282, 2, 5050, 5039, 5034, 5029, 5018, 5013, 5014)
(10283, 1, 5018, 5029, 5040, 5051, 5057)
(10284, 39, 5029, 5035, 5036, 5037, 5043, 5054)
(10285, 3, 5005, 5016, 5027)
(10286, 4, 5000, 5006, 5017, 5028, 5034, 5040)
(10287, 1, 5008, 5014, 5020, 5026, 5032, 5043)
(10288, 2, 5044, 5039, 5034, 5029, 5018, 5013, 5008)
(10289, 19, 5051, 5040, 5029, 5018, 5007)
(10290, 27, 5039, 5028, 5017, 5006)
(10291, 27, 5039, 5028, 5017)
(10292, 4, 5053, 5048, 5043, 5032, 5021)
(10293, 5, 5028, 5034, 5040, 5051, 5057)
(10294, 1, 5029, 5040, 5051, 5057, 5058)
(10295, 3, 5057, 5051, 5040, 5029, 5018)
(10296, 11, 5018, 5029, 5040, 5051, 5057)
(10297, 1, 5004, 5010, 5021, 5032)
(10298, 1, 5058, 5053, 5042, 5031, 5020)
(10299, 1, 5053, 5042, 5036, 5030)
(10300, 4, 5032, 5021, 5010)
(10301, 1, 5002, 5007, 5018, 5029, 5034, 5039, 5044)
(10302, 28, 5032, 5043, 5054)
(10303, 3, 5026, 5032, 5043, 5054)
(10304, 33, 5032, 5043, 5054)
(10305, 33, 5037, 5036, 5030, 5019, 5013, 5007)
(10306, 11, 5017, 5023, 5029, 5040, 5046)
(10307, 3, 5023, 5029, 5035, 5036, 5037, 5043, 5054)
(10308, 3, 5027, 5016, 5005)
(10309, 11, 5011, 5017, 5023, 5029, 5040)
(10310, 4, 5029, 5018, 5007)
(10311, 29, 5042, 5036, 5030, 5019)
(10312, 33, 5032, 5043, 5054)
(10313, 39, 5029, 5035, 5036, 5037, 5043, 5054)
(10314, 2, 5029, 5023, 5017, 5011, 5005)
(10315, 1, 5013, 5018, 5029, 5034, 5039, 5050)
(10316, 2, 5015, 5021, 5032, 5043)
(10317, 43, 5039, 5034, 5029, 5018, 5007, 5002, 5003)
(10318, 3, 5050, 5039, 5034, 5029, 5018, 5013)
(10319, 3, 5015, 5021, 5032, 5043, 5054)
(10320, 44, 5029, 5035, 5036, 5037, 5043, 5054)
(10321, 1, 5028, 5017, 5006)
(10322, 6, 5050, 5039, 5034, 5029, 5018, 5007)
(10323, 1, 5013, 5019, 5030, 5041)
(10324, 2, 5016, 5027, 5038)
(10325, 1, 5019, 5030, 5041, 5052)
(10326, 9, 5020, 5025, 5030, 5041, 5046, 5051)
(10327, 1, 5001, 5002, 5008, 5019, 5030)
(10328, 2, 5008, 5019, 5030, 5036)
(10329, 4, 5001, 5002, 5008, 5019, 5030)
(10330, 4, 5028, 5017, 5011, 5005)
(10331, 6, 5054, 5043, 5037, 5036, 5035, 5034, 5033, 5027)
(10332, 4, 5028, 5017, 5006, 5000)
(10333, 1, 5029, 5018, 5007)
(10334, 6, 5049, 5044, 5039, 5034, 5029, 5018, 5007, 5002, 5003)
(10335, 6, 5043, 5037, 5036, 5035, 5029, 5023, 5017, 5011)
(10336, 1, 5021, 5032, 5043, 5048, 5053, 5058)
(10337, 1, 5031, 5042, 5053)
(10338, 8, 5009, 5020, 5031, 5036, 5035, 5034, 5039, 5050)
(10339, 1, 5038, 5027, 5016, 5011, 5006)
(10340, 1, 5039, 5028, 5017)
(10341, 5, 5028, 5017, 5006, 5000)
(10342, 10, 5020, 5025, 5030, 5035, 5034, 5039, 5044, 5049)
(10343, 3, 5044, 5039, 5034, 5035, 5036, 5031, 5026, 5021, 5010)
(10344, 19, 5051, 5040, 5029, 5018, 5007, 5001)
(10345, 4, 5041, 5030, 5019, 5013, 5012)
(10346, 1, 5021, 5032, 5043, 5048, 5053)
(10347, 5, 5028, 5017, 5006)
(10348, 6, 5029, 5023, 5017, 5011, 5005)
(10349, 8, 5029, 5018, 5007)
(10350, 29, 5053, 5042, 5036, 5030, 5019)
(10351, 1, 5013, 5019, 5030, 5036, 5042, 5053, 5059)
(10352, 8, 5043, 5037, 5036, 5035, 5029, 5023, 5017, 5011)
(10353, 1, 5054, 5043, 5032, 5021, 5015)
(10354, 13, 5011, 5017, 5028, 5034, 5040)
(10355, 2, 5038, 5027, 5016)
(10356, 4, 5030, 5041, 5052)
(10357, 8, 5009, 5020, 5031, 5036, 5035, 5034, 5039, 5050)
(10358, 44, 5019, 5030, 5036, 5037, 5043, 5054)
(10359, 2, 5031, 5042, 5053)
(10360, 1, 5013, 5019, 5030, 5036, 5042)
(10361, 1, 5043, 5032, 5021, 5015)
(10362, 29, 5036, 5030, 5019, 5013, 5007)
(10363, 4, 5017, 5028, 5039, 5050, 5055)
(10364, 10, 5020, 5031, 5036, 5041, 5052)
(10365, 33, 5032, 5043, 5054)
(10366, 1, 5040, 5029, 5018, 5007, 5002, 5003)
(10367, 13, 5018, 5029, 5034, 5039, 5044, 5049)
(10368, 2, 5054, 5043, 5032, 5021, 5015, 5014, 5013, 5007)
(10369, 2, 5007, 5018, 5029, 5040, 5051, 5057)
(10370, 4, 5017, 5028, 5034, 5040, 5051, 5057, 5058)
(10371, 5, 5032, 5026, 5020, 5009)
(10372, 2, 5031, 5020, 5009)
(10373, 7, 5030, 5041, 5052)
(10374, 3, 5010, 5021, 5032, 5043)
(10375, 7, 5030, 5041, 5052)
(10376, 1, 5029, 5018, 5007)
(10377, 7, 5000, 5001, 5002, 5008, 5019, 5030, 5036)
(10378, 33, 5036, 5030, 5019, 5008)
(10379, 3, 5031, 5020, 5009)
(10380, 6, 5031, 5042, 5053)
(10381, 7, 5000, 5001, 5002, 5008, 5019, 5030, 5036, 5037)
(10382, 26, 5010, 5021, 5026, 5031, 5036, 5041, 5046, 5051)
(10383, 4, 5044, 5039, 5028, 5017, 5006)
(10384, 1, 5043, 5037, 5036, 5030, 5019)
(10385, 11, 5020, 5031, 5036, 5035, 5034, 5039, 5050)
(10386, 19, 5040, 5029, 5018, 5007, 5002)
(10387, 5, 5027, 5016, 5005)
(10388, 2, 5040, 5034, 5028, 5017, 5011)
(10389, 42, 5036, 5030, 5019, 5013, 5007)
(10390, 28, 5039, 5028, 5017, 5006)
(10391, 43, 5039, 5034, 5029, 5018, 5007, 5002)
(10392, 1, 5014, 5015, 5021, 5032, 5043, 5054)
(10393, 44, 5029, 5035, 5036, 5037, 5043, 5054)
(10394, 19, 5051, 5040, 5029, 5018, 5013)
(10395, 29, 5030, 5019, 5013, 5007)
(10396, 43, 5039, 5034, 5029, 5018, 5007, 5002, 5003)
(10397, 1, 5020, 5025, 5030, 5035, 5034, 5039, 5050)
(10398, 13, 5011, 5017, 5028, 5039, 5050)
(10399, 6, 5028, 5017, 5011, 5005)
(10400, 4, 5021, 5032, 5043, 5054)
(10401, 4, 5009, 5020, 5031, 5042, 5053)
(10402, 1, 5010, 5021, 5032, 5043, 5048, 5053, 5058)
(10403, 27, 5050, 5039, 5034, 5029, 5018, 5013)
(10404, 4, 5044, 5039, 5028, 5017, 5006)
(10405, 2, 5019, 5030, 5041, 5052)
(10406, 22, 5051, 5040, 5029, 5023)
(10407, 1, 5053, 5042, 5031, 5020)
(10408, 1, 5053, 5042, 5036, 5030, 5019, 5013, 5012, 5011)
(10409, 42, 5037, 5036, 5030, 5019, 5013, 5007)
(10410, 6, 5028, 5017, 5011, 5005)
(10411, 43, 5039, 5034, 5029, 5018, 5007)
(10412, 5, 5027, 5016, 5005)
(10413, 1, 5044, 5039, 5034, 5029, 5018, 5007, 5002, 5003)
(10414, 4, 5015, 5021, 5032, 5043, 5054)
(10415, 3, 5027, 5038, 5044, 5050, 5056, 5057, 5058, 5059)
(10416, 5, 5032, 5021, 5010, 5004)
(10417, 26, 5020, 5031, 5042)
(10418, 2, 5027, 5033, 5034, 5035, 5036, 5037, 5043, 5054)
(10419, 10, 5031, 5042, 5053)
(10420, 40, 5036, 5030, 5019, 5008)
(10421, 6, 5028, 5034, 5040, 5051)
(10422, 3, 5044, 5038, 5027, 5016)
(10423, 4, 5021, 5032, 5043, 5048, 5053, 5058)
(10424, 22, 5021, 5032, 5043, 5048, 5053)
(10425, 5, 5049, 5038, 5027, 5016, 5005)
(10426, 1, 5003, 5008, 5013, 5018, 5029, 5034, 5039, 5044)
(10427, 1, 5029, 5018, 5007)
(10428, 3, 5048, 5043, 5032, 5021, 5010)
(10429, 35, 5029, 5040, 5051)
(10430, 4, 5050, 5039, 5028, 5017, 5011)
(10431, 44, 5039, 5034, 5029, 5018, 5013, 5014, 5015, 5010)
(10432, 8, 5009, 5020, 5025, 5030, 5041)
(10433, 33, 5032, 5043, 5054)
(10434, 14, 5007, 5013, 5014, 5015, 5021, 5032)
(10435, 8, 5030, 5036, 5042, 5053)
(10436, 29, 5030, 5019, 5008, 5002)
(10437, 1, 5031, 5020, 5009)
(10438, 28, 5020, 5031, 5036, 5035, 5040, 5051)
(10439, 18, 5010, 5021, 5026, 5025, 5030, 5041, 5046, 5051)
(10440, 7, 5001, 5007, 5013, 5019, 5030)
(10441, 1, 5054, 5043, 5032, 5021)
(10442, 7, 5028, 5034, 5040, 5051, 5057, 5058)
(10443, 39, 5032, 5043, 5054)
(10444, 22, 5040, 5029, 5018, 5013, 5014, 5015, 5010)
(10445, 1, 5027, 5016, 5005)
(10446, 1, 5027, 5038, 5049)
(10447, 22, 5021, 5032, 5043, 5048, 5053, 5058)
(10448, 1, 5011, 5017, 5023, 5029, 5040, 5046)
(10449, 22, 5051, 5040, 5029, 5018, 5013, 5014)
(10450, 39, 5032, 5043, 5054)
(10451, 2, 5002, 5008, 5019, 5030, 5036, 5037)
(10452, 18, 5019, 5030, 5036, 5042, 5053)
(10453, 22, 5021, 5032, 5043, 5048, 5053)
(10454, 2, 5054, 5043, 5032, 5026)
(10455, 1, 5042, 5036, 5035, 5029, 5023, 5017)
(10456, 8, 5029, 5023, 5017, 5011, 5005)
(10457, 29, 5054, 5043, 5037, 5036, 5030, 5019, 5013)
(10458, 1, 5001, 5007, 5013, 5014, 5015, 5021, 5032, 5043)
(10459, 3, 5013, 5019, 5030, 5036, 5042, 5053, 5059)
(10460, 13, 5023, 5029, 5040, 5051)
(10461, 8, 5008, 5019, 5030)
(10462, 1, 5044, 5039, 5028, 5017, 5006)
(10463, 1, 5011, 5017, 5023, 5029, 5040, 5051, 5057, 5058)
(10464, 1, 5031, 5020, 5009)
(10465, 2, 5007, 5018, 5029, 5040)
(10466, 2, 5031, 5020, 5009)
(10467, 2, 5003, 5008, 5013, 5018, 5029, 5034, 5039, 5044)
(10468, 23, 5040, 5029, 5023, 5017, 5006)
(10469, 26, 5010, 5021, 5026, 5031, 5036, 5035, 5034, 5039)
(10470, 4, 5050, 5039, 5034, 5035, 5036, 5031, 5026, 5021, 5010)
(10471, 6, 5032, 5021, 5010)
(10472, 9, 5029, 5018, 5007)
(10473, 7, 5013, 5019, 5030, 5036, 5042, 5053)
(10474, 1, 5000, 5001, 5002, 5008, 5019, 5030, 5036, 5037, 5043)
(10475, 26, 5021, 5026, 5031, 5036, 5035, 5034, 5039, 5050)
(10476, 5, 5017, 5028, 5034, 5035, 5036, 5042)
(10477, 9, 5030, 5036, 5042, 5053)
(10478, 26, 5021, 5032, 5043, 5048, 5053)
(10479, 9, 5008, 5019, 5030)
(10480, 40, 5037, 5036, 5030, 5019, 5008)
(10481, 22, 5008, 5014, 5015, 5021, 5032, 5043, 5054)
(10482, 1, 5028, 5034, 5035, 5036, 5037, 5043, 5054)
(10483, 1, 5028, 5017, 5011, 5005)
(10484, 5, 5017, 5028, 5034, 5035, 5036, 5042)
(10485, 35, 5029, 5040, 5051)
(10486, 22, 5012, 5013, 5014, 5015, 5021, 5032, 5043)
(10487, 1, 5023, 5029, 5035, 5036, 5037, 5043, 5054)
(10488, 2, 5057, 5051, 5040, 5029, 5023, 5017)
(10489, 42, 5036, 5030, 5019, 5013, 5007, 5001, 5000)
(10490, 10, 5030, 5036, 5042, 5053)
(10491, 1, 5000, 5005, 5016, 5027, 5038)
(10492, 2, 5004, 5010, 5021, 5032, 5043)
(10493, 36, 5029, 5040, 5051, 5057)
(10494, 10, 5030, 5036, 5042, 5053)
(10495, 7, 5028, 5017, 5006)
(10496, 1, 5014, 5015, 5021, 5032, 5043, 5054)
(10497, 5, 5041, 5036, 5031, 5020, 5015, 5010)
(10498, 27, 5049, 5044, 5039, 5034, 5029, 5018, 5007, 5002)
(10499, 18, 5019, 5030, 5036, 5042, 5053)
(10500, 40, 5020, 5025, 5030, 5035, 5034, 5039, 5044, 5049)
(10501, 40, 5030, 5036, 5042, 5053)
(10502, 2, 5059, 5058, 5057, 5051, 5040, 5034, 5028)
(10503, 29, 5041, 5030, 5019, 5008, 5002, 5001)
(10504, 23, 5051, 5040, 5029, 5023, 5017, 5006)
(10505, 6, 5027, 5016, 5005)
(10506, 4, 5009, 5020, 5031)
(10507, 22, 5040, 5029, 5018, 5007)
(10508, 5, 5050, 5039, 5028, 5017)
(10509, 13, 5017, 5028, 5034, 5040, 5051, 5057, 5058)
(10510, 8, 5000, 5001, 5007, 5013, 5019, 5030)
(10511, 33, 5021, 5032, 5043, 5048, 5053, 5058)