(10000, 5, 5039, 5028, 5017, 5006)
(10001, 28, 5023, 5029, 5040, 5051)
(10002, 3, 5048, 5047, 5041, 5030, 5024, 5018, 5012)
(10003, 3, 5030, 5041, 5052)
(10004, 3, 5018, 5029, 5040, 5051)
(10005, 3, 5007, 5018, 5029, 5040)
(10006, 3, 5007, 5018, 5029, 5040, 5051, 5056, 5055)
(10007, 2, 5008, 5019, 5030, 5041, 5046, 5051, 5056)
(10008, 3, 5032, 5043, 5054)
(10009, 2, 5021, 5032, 5043, 5048, 5053)
(10010, 2, 5053, 5047, 5041, 5030, 5024, 5018, 5012)
(10011, 2, 5029, 5040, 5051)
(10012, 2, 5059, 5058, 5057, 5056, 5050, 5039, 5028)
(10013, 4, 5050, 5039, 5028)
(10014, 1, 5029, 5040, 5051, 5057)
(10015, 1, 5006, 5012, 5013, 5019, 5030)
(10016, 4, 5030, 5041, 5052, 5058)
(10017, 3, 5057, 5056, 5050, 5044, 5038, 5027, 5016)
(10018, 1, 5027, 5016, 5005)
(10019, 3, 5020, 5025, 5030, 5041, 5052, 5057, 5056)
(10020, 2, 5051, 5040, 5029, 5023, 5017, 5006)
(10021, 2, 5020, 5031, 5036, 5041, 5052, 5057)
(10022, 2, 5049, 5038, 5027, 5016, 5005)
(10023, 3, 5029, 5018, 5007)
(10024, 1, 5028, 5017, 5011, 5005)
(10025, 3, 5007, 5012, 5017, 5028, 5039)
(10026, 4, 5030, 5041, 5047, 5048, 5054)
(10027, 2, 5029, 5040, 5046, 5047, 5053)
(10028, 2, 5041, 5030, 5019, 5008, 5002, 5001)
(10029, 2, 5038, 5027, 5016, 5005)
(10030, 2, 5048, 5047, 5041, 5030, 5019, 5008, 5002, 5001)
(10031, 1, 5031, 5042, 5053)
(10032, 1, 5028, 5017, 5011, 5005)
(10033, 3, 5020, 5031, 5042, 5053)
(10034, 1, 5030, 5041, 5052)
(10035, 2, 5051, 5046, 5041, 5030, 5019, 5014)
(10036, 1, 5049, 5038, 5033, 5028, 5017, 5012)
(10037, 3, 5044, 5045, 5046, 5041, 5030, 5019, 5008, 5003)
(10038, 3, 5054, 5048, 5047, 5041, 5030)
(10039, 58, 5030, 5041, 5047, 5048, 5054)
(10040, 4, 5030, 5019, 5008, 5002)
(10041, 3, 5011, 5012, 5013, 5019, 5030, 5041, 5052)
(10042, 2, 5030, 5019, 5008, 5002, 5001)
(10043, 2, 5027, 5038, 5044, 5050, 5056, 5057, 5058)
(10044, 2, 5055, 5056, 5057, 5052, 5041, 5030, 5019, 5008)
(10045, 2, 5056, 5051, 5040, 5029, 5018, 5007)
(10046, 2, 5005, 5016, 5027, 5038)
(10047, 2, 5052, 5041, 5030, 5019, 5008, 5003, 5004)
(10048, 3, 5027, 5016, 5005)
(10049, 69, 5041, 5030, 5019, 5008, 5002)
(10050, 2, 5041, 5030, 5024, 5018, 5012, 5011, 5005)
(10051, 2, 5023, 5029, 5035, 5041, 5047, 5048, 5054)
(10052, 2, 5046, 5041, 5030, 5019, 5008, 5003)
(10053, 3, 5019, 5030, 5041, 5046, 5051, 5056, 5055)
(10054, 3, 5008, 5019, 5030, 5041, 5046, 5051, 5056, 5055)
(10055, 1, 5031, 5025, 5019, 5008)
(10056, 1, 5021, 5032, 5043, 5048, 5047, 5052, 5057, 5056, 5055)
(10057, 2, 5032, 5026, 5025, 5019, 5008, 5002)
(10058, 1, 5007, 5012, 5017, 5022, 5027, 5038, 5049)
(10059, 1, 5008, 5019, 5030, 5036)
(10060, 2, 5029, 5018, 5007)
(10061, 1, 5039, 5028, 5017, 5006)
(10062, 2, 5053, 5047, 5041, 5030)
(10063, 4, 5043, 5032, 5021)
(10064, 1, 5021, 5032, 5043)
(10065, 1, 5045, 5046, 5041, 5030, 5019, 5008, 5003)
(10066, 2, 5007, 5013, 5019, 5030, 5041, 5052, 5058)
(10067, 3, 5032, 5043, 5054)
(10068, 1, 5018, 5029, 5040)
(10069, 3, 5005, 5011, 5017, 5028, 5039, 5050)
(10070, 4, 5057, 5051, 5040, 5029)
(10071, 2, 5027, 5038, 5044, 5050, 5056, 5057)
(10072, 2, 5019, 5030, 5041)
(10073, 3, 5029, 5018, 5012, 5006)
(10074, 1, 5059, 5058, 5052, 5041, 5030, 5019, 5014)
(10075, 1, 5019, 5030, 5041, 5052, 5058)
(10076, 1, 5021, 5032, 5043, 5048, 5047, 5052, 5057, 5056)
(10077, 1, 5054, 5048, 5047, 5041, 5030, 5019, 5008, 5002)
(10078, 2, 5004, 5003, 5008, 5019, 5030, 5041, 5052)
(10079, 1, 5031, 5025, 5019, 5008, 5002, 5001)
(10080, 2, 5027, 5038, 5044, 5050, 5056)
(10081, 1, 5015, 5020, 5031, 5042, 5053)
(10082, 1, 5027, 5016, 5005)
(10083, 1, 5007, 5018, 5029, 5040, 5051)
(10084, 2, 5028, 5017, 5011, 5005)
(10085, 3, 5006, 5012, 5013, 5019, 5030, 5041, 5047)
(10086, 1, 5030, 5041, 5052)
(10087, 3, 5048, 5047, 5041, 5030, 5024, 5018, 5012, 5011, 5005)
(10088, 1, 5032, 5021, 5010)
(10089, 2, 5027, 5016, 5005)
(10090, 1, 5006, 5012, 5013, 5019, 5030)
(10091, 69, 5041, 5030, 5019, 5008, 5002)
(10092, 3, 5007, 5013, 5019, 5030, 5041)
(10093, 1, 5029, 5040, 5051, 5057)
(10094, 1, 5027, 5038, 5044, 5050, 5056, 5057)
(10095, 28, 5023, 5029, 5040, 5051, 5057)
(10096, 1, 5022, 5023, 5029, 5035, 5041, 5047, 5048, 5054)
(10097, 1, 5006, 5017, 5028, 5039)
(10098, 1, 5023, 5029, 5035, 5041, 5052)
(10099, 1, 5027, 5016, 5005)
(10100, 2, 5058, 5057, 5051, 5040, 5029, 5023, 5017)
(10101, 2, 5031, 5042, 5053)
(10102, 3, 5005, 5011, 5012, 5013, 5019, 5030, 5041, 5052)
(10103, 1, 5054, 5048, 5047, 5041, 5030, 5024, 5023, 5017, 5011, 5005)
(10104, 2, 5031, 5042, 5053)
(10105, 1, 5031, 5042, 5053)
(10106, 1, 5047, 5041, 5030, 5019, 5014)
(10107, 3, 5058, 5052, 5041, 5030, 5019, 5014)
(10108, 3, 5029, 5040, 5046, 5047, 5048, 5054)
(10109, 2, 5052, 5041, 5030, 5019, 5008, 5003)
(10110, 3, 5029, 5035, 5041, 5047, 5048, 5054)
(10111, 2, 5056, 5057, 5052, 5041, 5030, 5019, 5008)
(10112, 2, 5038, 5033, 5028, 5017, 5012, 5013, 5008)
(10113, 1, 5057, 5056, 5050, 5044, 5038, 5027, 5016)
(10114, 2, 5019, 5030, 5041, 5046, 5051, 5056, 5055)
(10115, 1, 5038, 5033, 5028, 5017, 5012, 5007)
(10116, 4, 5007, 5018, 5029, 5040, 5051, 5056, 5055)
(10117, 3, 5017, 5028, 5039, 5050)
(10118, 2, 5004, 5003, 5008, 5019, 5030, 5041, 5052, 5057, 5056)
(10119, 2, 5027, 5038, 5049)
(10120, 3, 5038, 5033, 5028, 5017, 5006)
(10121, 2, 5020, 5031, 5042, 5048)
(10122, 69, 5048, 5047, 5041, 5030, 5019, 5008, 5002)
(10123, 3, 5020, 5025, 5030, 5041, 5052, 5057, 5056, 5055)
(10124, 52, 5005, 5011, 5012, 5013, 5019, 5030, 5036)
(10125, 2, 5046, 5041, 5030, 5019, 5008, 5003, 5004)
(10126, 3, 5052, 5041, 5030, 5024, 5023)
(10127, 4, 5007, 5018, 5029, 5040)
(10128, 4, 5031, 5042, 5048, 5054)
(10129, 1, 5007, 5018, 5029)
(10130, 2, 5028, 5039, 5050)
(10131, 56, 5041, 5030, 5024, 5018, 5012, 5011, 5005)
(10132, 3, 5011, 5012, 5013, 5019, 5030, 5041)
(10133, 3, 5020, 5031, 5042, 5053)
(10134, 1, 5046, 5041, 5030, 5019, 5008, 5003, 5004)
(10135, 4, 5029, 5018, 5007)
(10136, 2, 5029, 5018, 5012, 5006)
(10137, 1, 5007, 5018, 5029)
(10138, 2, 5018, 5029, 5040)
(10139, 1, 5038, 5027, 5016)
(10140, 1, 5032, 5043, 5054)
(10141, 3, 5009, 5020, 5031, 5042)
(10142, 3, 5008, 5019, 5030, 5041, 5047, 5048)
(10143, 2, 5048, 5047, 5041, 5030, 5019, 5008, 5003)
(10144, 1, 5050, 5044, 5038, 5027, 5016)
(10145, 1, 5015, 5020, 5031, 5036, 5041, 5052, 5057)
(10146, 3, 5056, 5057, 5052, 5041, 5030, 5019, 5008, 5003)
(10147, 1, 5006, 5012, 5013, 5014, 5020, 5026, 5032)
(10148, 2, 5032, 5043, 5054)
(10149, 1, 5011, 5012, 5013, 5019, 5030, 5041, 5047)
(10150, 2, 5030, 5041, 5047, 5048, 5054)
(10151, 2, 5008, 5019, 5030)
(10152, 1, 5029, 5018, 5007)
(10153, 3, 5011, 5012, 5013, 5019, 5030, 5041, 5047, 5048)
(10154, 2, 5007, 5013, 5019, 5030, 5036)
(10155, 1, 5029, 5018, 5012, 5011, 5005)
(10156, 3, 5017, 5022, 5027, 5038, 5049)
(10157, 1, 5051, 5040, 5029, 5018, 5007)
(10158, 2, 5043, 5032, 5021, 5015)
(10159, 1, 5003, 5008, 5019, 5030, 5041, 5046)
(10160, 2, 5003, 5008, 5019, 5030, 5041, 5052)
(10161, 2, 5015, 5020, 5031, 5036, 5041, 5052, 5057, 5056)
(10162, 1, 5019, 5030, 5041, 5052, 5057, 5056)
(10163, 3, 5047, 5041, 5030, 5024, 5018)
(10164, 103, 5041, 5030, 5019)
(10165, 1, 5032, 5026, 5025, 5019, 5008, 5002, 5001)
(10166, 2, 5028, 5017, 5011, 5005)
(10167, 2, 5027, 5038, 5044, 5050)
(10168, 1, 5008, 5019, 5030, 5041, 5046, 5051, 5056, 5055)
(10169, 1, 5031, 5042, 5048, 5054)
(10170, 1, 5019, 5030, 5041, 5052, 5057)
(10171, 1, 5008, 5019, 5030, 5041, 5047, 5053)
(10172, 3, 5052, 5041, 5030, 5019, 5014)
(10173, 3, 5055, 5056, 5057, 5052, 5041, 5030, 5019, 5008, 5003)
(10174, 73, 5052, 5041, 5030, 5019, 5008, 5002, 5001)
(10175, 3, 5019, 5030, 5041, 5046, 5051)
(10176, 1, 5048, 5047, 5041, 5030, 5019, 5008, 5003)
(10177, 1, 5032, 5026, 5025, 5019, 5008, 5002, 5001)
(10178, 1, 5006, 5012, 5013, 5019, 5030, 5041)
(10179, 2, 5044, 5038, 5027, 5016)
(10180, 28, 5023, 5029, 5040, 5051)
(10181, 47, 5032, 5043, 5054)
(10182, 1, 5008, 5019, 5030, 5041, 5047, 5048, 5054)
(10183, 4, 5031, 5042, 5053)
(10184, 2, 5028, 5017, 5011, 5005)
(10185, 1, 5021, 5032, 5043)
(10186, 1, 5007, 5018, 5029, 5040, 5051)
(10187, 73, 5052, 5041, 5030, 5019, 5008, 5002, 5001)
(10188, 120, 5019, 5030, 5041, 5052, 5057, 5056, 5055)
(10189, 58, 5005, 5011, 5012, 5013, 5019, 5030, 5041, 5047, 5048, 5054)
(10190, 60, 5007, 5013, 5019, 5030, 5041, 5052)
(10191, 4, 5029, 5040, 5051)
(10192, 2, 5007, 5018, 5029, 5040)
(10193, 3, 5047, 5041, 5030, 5024, 5018)
(10194, 4, 5054, 5043, 5032, 5021, 5010)
(10195, 2, 5016, 5027, 5038)
(10196, 1, 5011, 5012, 5013, 5019, 5030, 5041, 5047, 5048)
(10197, 2, 5012, 5017, 5022, 5027, 5038, 5049)
(10198, 3, 5053, 5047, 5041, 5030, 5019, 5008)
(10199, 2, 5059, 5053, 5042, 5031)
(10200, 1, 5009, 5020, 5031, 5042, 5048)
(10201, 1, 5056, 5051, 5040, 5029, 5018)
(10202, 2, 5030, 5019, 5008, 5002, 5001)
(10203, 2, 5016, 5027, 5038)
(10204, 1, 5020, 5025, 5030, 5041, 5052, 5057, 5056)
(10205, 4, 5030, 5019, 5008, 5002)
(10206, 2, 5005, 5011, 5012, 5013, 5019, 5030)
(10207, 1, 5059, 5058, 5052, 5041, 5030, 5019, 5014)
(10208, 3, 5028, 5039, 5050)
(10209, 4, 5029, 5040, 5051)
(10210, 8, 5007, 5012, 5017, 5022, 5027, 5038)
(10211, 1, 5043, 5032, 5021, 5010)
(10212, 3, 5008, 5019, 5030, 5041, 5046)
(10213, 3, 5012, 5013, 5019, 5030, 5041)
(10214, 1, 5055, 5056, 5057, 5052, 5041, 5030, 5019)
(10215, 2, 5008, 5019, 5030, 5041, 5046, 5051, 5056)
(10216, 7, 5029, 5040, 5051, 5057)
(10217, 2, 5007, 5013, 5019, 5030)
(10218, 1, 5029, 5018, 5012, 5006)
(10219, 1, 5008, 5019, 5030, 5041, 5046, 5051, 5056, 5055)
(10220, 4, 5051, 5040, 5029, 5018, 5012, 5006)
(10221, 1, 5032, 5043, 5054)
(10222, 73, 5030, 5019, 5008)
(10223, 7, 5029, 5040, 5051, 5057, 5058)
(10224, 1, 5029, 5018, 5007)
(10225, 47, 5032, 5043, 5054)
(10226, 54, 5041, 5030, 5024, 5018, 5012)
(10227, 1, 5023, 5029, 5040, 5046, 5047, 5048, 5054)
(10228, 7, 5029, 5040, 5051)
(10229, 2, 5049, 5038, 5027, 5016, 5005)
(10230, 103, 5041, 5030, 5019, 5008, 5002)
(10231, 37, 5044, 5038, 5027, 5016, 5005)
(10232, 1, 5006, 5012, 5013, 5019, 5030, 5036)
(10233, 3, 5013, 5019, 5030, 5041, 5047, 5048)
(10234, 74, 5048, 5047, 5041, 5030, 5024, 5018, 5012, 5011, 5005)
(10235, 2, 5020, 5031, 5036, 5041, 5052, 5057, 5056, 5055)
(10236, 4, 5029, 5018, 5012, 5006)
(10237, 4, 5031, 5042, 5053)
(10238, 1, 5030, 5019, 5008, 5002)
(10239, 1, 5011, 5017, 5028, 5039, 5050, 5056)
(10240, 3, 5056, 5057, 5052, 5041, 5030, 5019, 5008, 5003, 5004)
(10241, 2, 5011, 5012, 5013, 5019, 5030, 5041, 5047, 5048)
(10242, 2, 5006, 5012, 5013, 5019, 5030, 5041, 5047)
(10243, 2, 5040, 5029, 5023, 5017)
(10244, 3, 5058, 5052, 5041, 5030, 5019, 5008, 5003)
(10245, 2, 5006, 5012, 5013, 5019, 5030, 5041, 5047, 5048)
(10246, 2, 5056, 5050, 5044, 5038, 5027)
(10247, 2, 5013, 5019, 5030, 5041, 5047)
(10248, 3, 5027, 5038, 5044, 5050)
(10249, 103, 5041, 5030, 5019, 5008, 5003)
(10250, 2, 5055, 5056, 5057, 5052, 5041, 5030, 5019, 5014)
(10251, 60, 5030, 5041, 5052)
(10252, 2, 5056, 5057, 5052, 5041, 5030, 5019)
(10253, 3, 5028, 5017, 5006)
(10254, 52, 5007, 5013, 5019, 5030)
(10255, 1, 5047, 5041, 5030, 5019, 5008, 5002, 5001)
(10256, 3, 5040, 5029, 5023, 5017)
(10257, 69, 5046, 5041, 5030, 5019, 5008, 5003, 5004)
(10258, 1, 5027, 5038, 5044, 5050)
(10259, 2, 5023, 5029, 5040, 5046, 5052, 5058)
(10260, 5, 5039, 5028, 5017)
(10261, 37, 5023, 5029, 5040, 5046, 5047, 5048, 5054)
(10262, 1, 5020, 5031, 5042, 5047, 5052)
(10263, 8, 5017, 5028, 5039)
(10264, 2, 5050, 5039, 5028)
(10265, 1, 5031, 5042, 5053)
(10266, 3, 5027, 5016, 5005)
(10267, 2, 5032, 5043, 5054)
(10268, 4, 5007, 5013, 5014, 5020, 5031)
(10269, 7, 5029, 5018, 5012, 5006)
(10270, 2, 5030, 5041, 5047, 5048, 5054)
(10271, 7, 5040, 5029, 5023, 5017)
(10272, 61, 5030, 5041, 5052)
(10273, 2, 5006, 5012, 5013, 5019, 5030, 5041, 5052)
(10274, 1, 5051, 5046, 5041, 5030, 5019, 5008)
(10275, 3, 5006, 5017, 5023, 5029)
(10276, 2, 5049, 5038, 5033, 5034, 5029, 5018)
(10277, 1, 5005, 5011, 5017, 5028, 5039)
(10278, 2, 5028, 5017, 5011, 5005)
(10279, 51, 5032, 5043, 5054)
(10280, 3, 5010, 5021, 5032, 5043, 5054)
(10281, 1, 5020, 5031, 5042, 5053)
(10282, 1, 5020, 5031, 5036, 5041, 5052, 5057)
(10283, 105, 5041, 5030, 5019, 5008, 5002)
(10284, 105, 5041, 5030, 5019, 5008, 5002)
(10285, 28, 5023, 5029, 5040, 5051)
(10286, 4, 5020, 5031, 5042, 5047, 5052, 5057)
(10287, 3, 5008, 5019, 5030, 5041, 5052)
(10288, 7, 5029, 5018, 5007)
(10289, 3, 5027, 5016, 5005)
(10290, 2, 5021, 5032, 5043, 5048, 5047, 5052, 5057)
(10291, 1, 5039, 5028, 5017)
(10292, 51, 5032, 5043, 5054)
(10293, 1, 5047, 5041, 5030, 5024, 5018, 5012, 5011, 5005)
(10294, 1, 5041, 5030, 5019, 5008, 5002, 5001)
(10295, 61, 5030, 5041, 5052)
(10296, 3, 5027, 5038, 5044, 5050, 5056, 5057, 5058, 5059)
(10297, 1, 5022, 5023, 5029, 5035, 5041, 5047, 5048, 5054)
(10298, 7, 5051, 5040, 5029, 5018, 5012)
(10299, 3, 5004, 5009, 5020, 5025, 5030, 5041, 5046, 5045, 5044)
(10300, 2, 5039, 5028, 5017, 5012, 5007)
(10301, 59, 5019, 5030, 5041, 5047, 5048)
(10302, 2, 5044, 5038, 5027, 5016)
(10303, 7, 5029, 5018, 5007)
(10304, 1, 5030, 5019, 5008, 5002)
(10305, 1, 5038, 5027, 5016)
(10306, 85, 5052, 5041, 5030, 5019, 5014, 5015)
(10307, 3, 5027, 5038, 5044, 5050, 5056, 5057, 5058)
(10308, 3, 5027, 5038, 5044, 5050)
(10309, 7, 5040, 5029, 5018)
(10310, 1, 5032, 5026, 5025, 5019, 5008, 5002, 5001)
(10311, 3, 5028, 5039, 5050)
(10312, 2, 5008, 5019, 5030, 5041, 5052, 5057)
(10313, 3, 5004, 5003, 5008, 5019, 5030, 5041, 5046, 5045, 5044)
(10314, 2, 5031, 5025, 5019, 5008, 5003)
(10315, 4, 5032, 5021, 5015, 5009)
(10316, 8, 5005, 5011, 5017, 5028, 5039, 5050, 5056)
(10317, 3, 5028, 5017, 5006)
(10318, 2, 5015, 5020, 5031, 5042, 5047, 5052)
(10319, 2, 5006, 5012, 5013, 5019, 5030, 5041, 5047, 5048)
(10320, 3, 5059, 5058, 5052, 5041, 5030, 5019, 5008)
(10321, 3, 5006, 5012, 5013, 5019, 5030, 5041, 5047)
(10322, 2, 5031, 5025, 5019, 5008, 5003)
(10323, 2, 5051, 5046, 5041, 5030, 5019, 5008, 5003)
(10324, 7, 5039, 5028, 5017, 5012, 5007)
(10325, 3, 5003, 5008, 5019, 5030, 5041, 5046)
(10326, 3, 5006, 5017, 5028, 5039)
(10327, 2, 5049, 5038, 5027, 5016)
(10328, 2, 5027, 5016, 5005)
(10329, 2, 5032, 5026, 5025, 5019, 5008)
(10330, 1, 5051, 5046, 5041, 5030, 5019, 5008, 5003, 5004)
(10331, 3, 5056, 5057, 5052, 5041, 5030, 5019)
(10332, 28, 5006, 5017, 5023, 5029, 5040)
(10333, 2, 5019, 5030, 5041, 5052)
(10334, 7, 5039, 5028, 5017, 5012, 5007)
(10335, 1, 5048, 5047, 5041, 5030, 5019, 5008, 5003)
(10336, 7, 5029, 5018, 5012, 5011, 5005)
(10337, 2, 5022, 5023, 5029, 5035, 5041, 5047, 5048, 5054)
(10338, 1, 5031, 5042, 5053)
(10339, 2, 5056, 5057, 5052, 5041, 5030, 5019, 5008, 5003)
(10340, 2, 5020, 5031, 5042)
(10341, 3, 5011, 5017, 5023, 5029, 5040)
(10342, 3, 5038, 5033, 5028, 5017, 5006)
(10343, 1, 5022, 5023, 5029, 5035, 5041, 5047, 5048, 5054)
(10344, 58, 5005, 5011, 5012, 5013, 5019, 5030, 5041)
(10345, 1, 5028, 5017, 5006)
(10346, 58, 5006, 5012, 5013, 5019, 5030, 5041)
(10347, 2, 5053, 5047, 5041, 5030, 5024, 5018)
(10348, 2, 5031, 5025, 5019, 5008, 5002)
(10349, 1, 5047, 5041, 5030, 5019, 5008, 5002, 5001)
(10350, 8, 5039, 5028, 5017, 5012, 5007)
(10351, 2, 5011, 5017, 5023, 5029, 5040, 5051)
(10352, 9, 5029, 5040, 5046, 5047, 5053)
(10353, 2, 5032, 5026, 5025, 5019, 5008)
(10354, 58, 5008, 5019, 5030, 5041, 5047, 5048, 5054)
(10355, 1, 5039, 5028, 5017, 5012, 5007)
(10356, 3, 5059, 5058, 5052, 5041, 5030, 5024, 5018)
(10357, 1, 5027, 5038, 5044, 5050)
(10358, 56, 5030, 5024, 5018, 5012, 5011, 5005)
(10359, 9, 5007, 5018, 5029)
(10360, 73, 5030, 5019, 5008)
(10361, 4, 5005, 5016, 5027)
(10362, 1, 5043, 5032, 5021, 5010)
(10363, 2, 5027, 5016, 5005)
(10364, 1, 5048, 5047, 5041, 5030, 5019)
(10365, 1, 5047, 5041, 5030, 5024, 5018, 5012)
(10366, 3, 5016, 5027, 5038)
(10367, 2, 5051, 5046, 5041, 5030, 5019, 5008, 5003, 5004)
(10368, 1, 5028, 5039, 5050)
(10369, 1, 5051, 5040, 5029, 5018, 5007)
(10370, 9, 5029, 5040, 5046, 5047, 5053)
(10371, 1, 5050, 5039, 5028)
(10372, 56, 5030, 5024, 5023, 5017, 5011, 5005)
(10373, 4, 5027, 5038, 5049)
(10374, 3, 5055, 5056, 5057, 5052, 5041, 5030, 5019, 5008)
(10375, 69, 5045, 5046, 5041, 5030, 5019, 5008, 5003, 5004)
(10376, 53, 5059, 5058, 5052, 5041, 5030)
(10377, 9, 5029, 5018, 5007)
(10378, 60, 5004, 5003, 5008, 5019, 5030, 5041, 5052)
(10379, 4, 5031, 5042, 5048, 5054)
(10380, 59, 5029, 5035, 5041, 5047, 5048, 5054)
(10381, 58, 5008, 5019, 5030, 5041, 5046)
(10382, 58, 5008, 5019, 5030, 5041, 5046, 5051, 5056)
(10383, 1, 5040, 5029, 5023, 5017, 5011, 5005)
(10384, 4, 5020, 5031, 5042)
(10385, 2, 5003, 5008, 5019, 5030, 5041)
(10386, 47, 5008, 5014, 5020, 5026, 5032)
(10387, 1, 5019, 5030, 5041, 5052, 5057, 5056, 5055)
(10388, 3, 5049, 5038, 5033, 5028, 5017)
(10389, 120, 5030, 5041, 5052)
(10390, 69, 5046, 5041, 5030, 5019, 5008, 5002)
(10391, 2, 5053, 5047, 5041, 5030, 5019, 5008, 5002, 5001)
(10392, 52, 5006, 5012, 5013, 5019, 5030, 5036, 5037)
(10393, 9, 5029, 5018, 5007)
(10394, 60, 5008, 5019, 5030, 5041, 5052, 5057)
(10395, 61, 5023, 5029, 5035, 5041, 5052, 5058)
(10396, 3, 5053, 5047, 5041, 5030, 5024, 5018, 5012)
(10397, 4, 5020, 5031, 5042, 5048, 5054)
(10398, 1, 5009, 5020, 5031, 5042)
(10399, 1, 5013, 5019, 5030, 5041, 5052, 5057, 5056)
(10400, 4, 5032, 5026, 5025, 5024, 5023, 5017, 5011, 5005)
(10401, 1, 5020, 5025, 5030, 5041, 5052, 5057, 5056, 5055)
(10402, 2, 5028, 5017, 5006)
(10403, 58, 5005, 5011, 5012, 5013, 5019, 5030, 5041, 5047, 5053)
(10404, 56, 5030, 5024, 5018, 5012, 5011, 5005)
(10405, 59, 5029, 5035, 5041, 5047, 5048, 5054)
(10406, 1, 5012, 5013, 5019, 5030, 5041, 5047, 5053)
(10407, 2, 5032, 5026, 5025, 5024, 5018, 5012, 5011, 5005)
(10408, 9, 5007, 5018, 5029, 5040, 5051)
(10409, 1, 5031, 5025, 5019, 5008, 5002, 5001)
(10410, 74, 5048, 5047, 5041, 5030, 5024, 5018)
(10411, 28, 5023, 5029, 5040, 5051)
(10412, 1, 5028, 5017, 5006)
(10413, 28, 5023, 5029, 5040, 5051, 5057)
(10414, 9, 5058, 5057, 5051, 5040, 5029, 5023, 5017, 5011)
(10415, 37, 5058, 5057, 5056, 5050, 5044, 5038, 5027, 5016, 5005)
(10416, 3, 5028, 5017, 5006)
(10417, 7, 5027, 5038, 5044, 5050, 5056, 5057, 5058, 5059)
(10418, 4, 5020, 5031, 5036, 5041, 5052, 5057, 5056, 5055)
(10419, 3, 5056, 5057, 5052, 5041, 5030, 5019, 5014, 5015)
(10420, 74, 5048, 5047, 5041, 5030, 5024, 5018, 5012, 5011)
(10421, 4, 5031, 5042, 5053)
(10422, 7, 5055, 5056, 5057, 5052, 5047, 5048, 5043, 5032, 5021)
(10423, 1, 5017, 5023, 5029, 5040)
(10424, 3, 5012, 5013, 5019, 5030, 5041, 5052)
(10425, 69, 5045, 5046, 5041, 5030, 5019, 5008, 5003)
(10426, 53, 5052, 5041, 5030, 5024, 5018)
(10427, 8, 5027, 5038, 5044, 5050, 5056)
(10428, 56, 5032, 5043, 5054)
(10429, 85, 5052, 5041, 5030, 5019)
(10430, 2, 5055, 5056, 5057, 5052, 5041, 5030, 5019)
(10431, 37, 5050, 5044, 5038, 5027, 5016)
(10432, 2, 5047, 5041, 5030, 5024, 5018, 5012)
(10433, 69, 5056, 5057, 5052, 5041, 5030, 5019, 5008, 5003)
(10434, 4, 5027, 5038, 5049)
(10435, 58, 5030, 5041, 5047, 5048, 5054)
(10436, 120, 5030, 5041, 5052)
(10437, 1, 5057, 5056, 5050, 5044, 5038, 5027)
(10438, 52, 5008, 5019, 5030, 5036, 5037)
(10439, 2, 5013, 5019, 5030, 5041, 5047, 5048)
(10440, 2, 5056, 5050, 5044, 5038, 5027, 5016)
(10441, 1, 5049, 5038, 5027, 5016)
(10442, 9, 5029, 5018, 5007)
(10443, 76, 5030, 5019, 5008, 5002, 5001)
(10444, 7, 5055, 5056, 5057, 5052, 5047, 5048, 5043, 5032, 5021)
(10445, 28, 5006, 5017, 5023, 5029, 5040)
(10446, 166, 5030, 5041, 5052)
(10447, 69, 5051, 5046, 5041, 5030, 5019, 5008, 5003)
(10448, 3, 5013, 5019, 5030, 5041)
(10449, 74, 5048, 5047, 5041, 5030, 5024, 5018, 5012)
(10450, 58, 5006, 5012, 5013, 5019, 5030, 5041)
(10451, 39, 5023, 5029, 5040, 5046, 5052, 5058)
(10452, 28, 5005, 5011, 5017, 5023, 5029)
(10453, 1, 5049, 5038, 5033, 5028, 5017, 5012, 5013, 5008, 5003)
(10454, 11, 5031, 5042, 5053)
(10455, 8, 5006, 5017, 5022, 5027, 5038, 5049)
(10456, 58, 5030, 5041, 5047, 5053)
(10457, 2, 5056, 5050, 5044, 5038, 5027, 5016, 5005)
(10458, 8, 5027, 5038, 5044, 5050, 5056, 5057, 5058)
(10459, 2, 5021, 5032, 5043, 5054)
(10460, 1, 5019, 5030, 5041, 5052, 5057)
(10461, 60, 5005, 5011, 5012, 5013, 5019, 5030, 5041, 5052, 5057)
(10462, 69, 5058, 5052, 5041, 5030, 5019, 5008, 5002, 5001)
(10463, 2, 5021, 5032, 5043, 5048, 5047, 5052)
(10464, 1, 5027, 5016, 5005)
(10465, 3, 5047, 5041, 5030, 5024, 5018, 5012, 5011, 5005)
(10466, 3, 5021, 5032, 5043, 5048, 5053)
(10467, 60, 5007, 5013, 5019, 5030, 5041, 5052, 5058)
(10468, 59, 5019, 5030, 5041)
(10469, 3, 5055, 5056, 5057, 5052, 5041, 5030, 5019, 5008)
(10470, 4, 5038, 5033, 5028, 5017, 5006)
(10471, 58, 5005, 5011, 5012, 5013, 5019, 5030, 5041, 5047, 5048, 5054)
(10472, 9, 5029, 5040, 5051, 5057)
(10473, 60, 5006, 5012, 5013, 5019, 5030, 5041, 5052)
(10474, 9, 5040, 5029, 5023, 5017, 5011)
(10475, 3, 5031, 5025, 5019, 5008)
(10476, 58, 5004, 5009, 5020, 5025, 5030, 5041, 5046, 5045)
(10477, 69, 5046, 5041, 5030, 5019, 5008, 5003)
(10478, 1, 5050, 5044, 5038, 5027, 5016, 5005)
(10479, 69, 5047, 5041, 5030, 5019)
(10480, 2, 5026, 5032, 5043, 5054)
(10481, 58, 5011, 5012, 5013, 5019, 5030, 5041)
(10482, 8, 5017, 5028, 5039, 5050)
(10483, 69, 5048, 5047, 5041, 5030, 5019)
(10484, 2, 5049, 5038, 5027)
(10485, 1, 5020, 5031, 5042, 5053)
(10486, 107, 5020, 5031, 5042, 5047, 5052, 5057)
(10487, 60, 5007, 5013, 5019, 5030, 5041, 5052, 5058)
(10488, 2, 5013, 5019, 5030, 5041, 5047, 5048)
(10489, 3, 5027, 5016, 5005)
(10490, 69, 5048, 5047, 5041, 5030, 5019, 5008, 5003)
(10491, 105, 5046, 5041, 5030, 5019, 5008)
(10492, 58, 5008, 5019, 5030, 5041, 5047, 5053)
(10493, 61, 5023, 5029, 5035, 5041, 5052, 5058)
(10494, 9, 5007, 5018, 5029, 5040)
(10495, 2, 5012, 5013, 5019, 5030, 5041, 5047, 5048)
(10496, 1, 5041, 5030, 5019, 5008, 5002)
(10497, 64, 5032, 5043, 5054)
(10498, 1, 5020, 5031, 5042, 5047, 5052, 5057, 5056, 5055)
(10499, 58, 5008, 5019, 5030, 5041, 5047, 5053)
(10500, 1, 5003, 5008, 5019, 5030, 5041, 5052, 5057, 5056, 5055)
(10501, 58, 5007, 5013, 5019, 5030, 5041)
(10502, 9, 5057, 5051, 5040, 5029, 5023, 5017, 5011, 5005)
(10503, 47, 5020, 5026, 5032, 5043, 5054)
(10504, 1, 5026, 5032, 5043, 5054)
(10505, 1, 5011, 5012, 5013, 5019, 5030, 5041)
(10506, 4, 5059, 5058, 5057, 5056, 5050, 5039, 5028)
(10507, 3, 5031, 5025, 5019, 5008, 5002, 5001)
(10508, 9, 5056, 5051, 5040, 5029, 5018, 5007)
(10509, 58, 5006, 5012, 5013, 5019, 5030, 5041, 5047, 5048, 5054)
(10510, 4, 5032, 5026, 5025, 5019, 5008)
(10511, 74, 5048, 5047, 5041, 5030, 5024, 5018, 5012, 5011, 5005)
(10512, 60, 5007, 5013, 5019, 5030, 5041, 5052, 5057)
(10513, 2, 5047, 5041, 5030, 5024, 5018, 5012, 5011, 5005)
(10514, 1, 5054, 5048, 5047, 5041, 5030, 5024, 5018)
(10515, 1, 5058, 5057, 5056, 5050, 5044, 5038, 5027, 5016)
(10516, 3, 5049, 5038, 5027)
(10517, 1, 5048, 5043, 5032, 5021, 5010)
(10518, 7, 5056, 5057, 5052, 5047, 5048, 5043, 5032, 5021)
(10519, 1, 5022, 5023, 5029, 5035, 5041, 5047, 5048, 5054)
(10520, 1, 5010, 5021, 5032, 5043, 5054)
(10521, 2, 5013, 5019, 5030, 5041, 5052)
(10522, 1, 5031, 5042, 5048, 5054)
(10523, 75, 5048, 5047, 5041, 5030, 5024, 5018, 5012)
(10524, 1, 5056, 5057, 5052, 5047, 5048, 5043, 5032, 5021)
(10525, 1, 5055, 5056, 5057, 5052, 5041, 5030, 5019, 5008, 5003)
(10526, 52, 5008, 5019, 5030)
(10527, 1, 5020, 5031, 5042, 5048)
(10528, 52, 5008, 5019, 5030, 5036, 5037)
(10529, 105, 5052, 5041, 5030, 5019, 5008, 5003)
(10530, 1, 5056, 5050, 5044, 5038, 5027, 5016)
(10531, 9, 5017, 5028, 5039, 5050)
(10532, 1, 5027, 5038, 5044, 5050, 5056, 5057, 5058, 5059)
(10533, 1, 5028, 5039, 5050)
(10534, 58, 5008, 5019, 5030, 5041, 5047, 5053)
(10535, 37, 5044, 5038, 5027, 5016, 5005)
(10536, 2, 5016, 5027, 5038)
(10537, 2, 5044, 5038, 5027, 5016)
(10538, 105, 5041, 5030, 5019, 5008, 5003, 5004)
(10539, 64, 5032, 5043, 5054)
(10540, 1, 5028, 5039, 5050)
(10541, 60, 5012, 5013, 5019, 5030, 5041, 5052)
(10542, 1, 5020, 5031, 5042, 5053)
(10543, 59, 5008, 5019, 5030, 5041, 5047)
(10544, 77, 5030, 5019, 5008, 5002)
(10545, 47, 5020, 5026, 5032, 5043)
(10546, 1, 5046, 5041, 5030, 5019, 5008)
(10547, 58, 5007, 5013, 5019, 5030, 5041)
(10548, 4, 5027, 5038, 5049)
(10549, 1, 5004, 5003, 5008, 5019, 5030, 5041, 5046)
(10550, 1, 5045, 5046, 5041, 5030, 5019, 5008, 5003)
(10551, 1, 5054, 5048, 5047, 5041, 5030, 5024, 5023, 5017, 5011, 5005)
(10552, 8, 5007, 5012, 5017, 5028, 5039)
(10553, 55, 5023, 5029, 5040, 5051)
(10554, 56, 5030, 5024, 5023, 5017, 5011, 5005)
(10555, 1, 5005, 5011, 5017, 5028, 5039, 5050)
(10556, 9, 5051, 5040, 5029, 5018, 5012)
(10557, 75, 5048, 5047, 5041, 5030, 5024, 5018, 5012, 5011, 5005)
(10558, 1, 5013, 5019, 5030, 5041, 5052)
(10559, 3, 5044, 5045, 5046, 5041, 5030, 5019, 5008, 5003)
(10560, 1, 5004, 5009, 5020, 5025, 5030, 5041, 5046)
(10561, 1, 5058, 5057, 5056, 5050, 5044, 5038, 5027, 5016)
(10562, 3, 5028, 5017, 5006)
(10563, 58, 5006, 5012, 5013, 5019, 5030, 5041, 5047, 5048, 5054)
(10564, 64, 5032, 5043, 5054)
(10565, 37, 5044, 5038, 5027, 5016)
(10566, 58, 5030, 5041, 5047, 5048, 5054)
(10567, 59, 5020, 5031, 5042, 5048, 5054)
(10568, 56, 5030, 5024, 5023, 5017, 5011, 5005)
(10569, 3, 5049, 5038, 5027)
(10570, 77, 5030, 5019, 5008, 5002, 5001)
(10571, 105, 5046, 5041, 5030, 5019, 5008, 5003)
(10572, 106, 5041, 5030, 5019)
(10573, 4, 5059, 5053, 5042, 5031)
(10574, 1, 5017, 5022, 5027, 5038, 5049)
(10575, 1, 5027, 5038, 5049)
(10576, 2, 5028, 5039, 5050)
(10577, 85, 5030, 5019, 5008, 5002, 5001)
(10578, 55, 5023, 5029, 5040, 5046, 5052)
(10579, 2, 5027, 5016, 5005)
(10580, 59, 5020, 5031, 5042, 5048)
(10581, 64, 5032, 5043, 5054)
(10582, 3, 5031, 5025, 5024, 5018, 5012, 5011, 5005)
(10583, 4, 5027, 5016, 5005)
(10584, 8, 5006, 5017, 5028, 5039)
(10585, 9, 5029, 5040, 5051, 5057)
(10586, 3, 5054, 5048, 5047, 5041, 5030, 5019, 5008)
(10587, 9, 5029, 5018, 5012, 5006)
(10588, 166, 5030, 5041, 5052)
(10589, 3, 5053, 5047, 5041, 5030, 5019, 5008, 5002, 5001)
(10590, 2, 5016, 5027, 5038)
(10591, 1, 5031, 5025, 5019, 5008, 5002, 5001)
(10592, 2, 5015, 5020, 5031, 5042, 5047, 5046, 5051, 5056, 5055)
(10593, 58, 5012, 5013, 5019, 5030, 5041, 5047, 5048)
(10594, 3, 5053, 5047, 5041, 5030)
(10595, 69, 5045, 5046, 5041, 5030, 5019, 5008, 5003, 5004)
(10596, 66, 5032, 5043, 5054)
(10597, 120, 5019, 5030, 5041, 5052, 5057)
(10598, 28, 5006, 5017, 5023, 5029, 5040)
(10599, 55, 5023, 5029, 5040, 5051, 5057, 5058)
(10600, 59, 5020, 5031, 5042)
(10601, 10, 5029, 5040, 5051, 5057, 5058)
(10602, 58, 5013, 5019, 5030, 5041, 5047, 5048)
(10603, 134, 5048, 5047, 5041, 5030, 5024, 5018, 5012)
(10604, 1, 5010, 5021, 5032, 5043, 5054)
(10605, 134, 5041, 5030, 5019)
(10606, 66, 5032, 5043, 5054)
(10607, 17, 5040, 5029, 5018, 5012, 5006)
(10608, 52, 5006, 5012, 5013, 5019, 5030, 5036)
(10609, 66, 5032, 5043, 5054)
(10610, 4, 5027, 5016, 5005)
(10611, 3, 5021, 5032, 5043)
(10612, 58, 5013, 5019, 5030, 5041, 5047, 5048, 5054)
(10613, 1, 5059, 5054, 5043, 5032, 5021)
(10614, 3, 5003, 5008, 5019, 5030, 5041, 5046, 5051)
(10615, 2, 5009, 5020, 5026, 5032, 5043, 5054)
(10616, 134, 5030, 5019, 5008)
(10617, 1, 5044, 5045, 5046, 5041, 5030, 5019, 5008)
(10618, 1, 5056, 5057, 5052, 5041, 5030, 5019, 5008, 5003)
(10619, 8, 5006, 5017, 5022, 5027, 5038)
(10620, 10, 5029, 5040, 5051)
(10621, 1, 5040, 5029, 5023, 5017, 5011)
(10622, 66, 5032, 5043, 5054)
(10623, 17, 5029, 5018, 5007)
(10624, 60, 5007, 5013, 5019, 5030, 5041, 5052, 5058)
(10625, 72, 5032, 5043, 5054)
(10626, 60, 5013, 5019, 5030, 5041, 5052)
(10627, 69, 5051, 5046, 5041, 5030, 5019, 5008, 5003)
(10628, 8, 5007, 5012, 5017, 5028, 5039)
(10629, 56, 5041, 5030, 5024, 5018, 5012, 5011, 5005)
(10630, 134, 5041, 5030, 5019, 5008)
(10631, 1, 5021, 5032, 5043, 5048, 5047, 5052, 5057)
(10632, 1, 5012, 5013, 5019, 5030, 5041)
(10633, 59, 5023, 5029, 5035, 5041, 5047, 5048, 5054)
(10634, 2, 5011, 5017, 5028, 5039)
(10635, 1, 5046, 5041, 5030, 5019, 5008, 5003)
(10636, 4, 5028, 5017, 5011, 5005)
(10637, 4, 5027, 5038, 5049)
(10638, 55, 5058, 5057, 5051, 5040, 5029, 5023, 5017, 5011)
(10639, 134, 5041, 5030, 5024, 5018, 5012, 5011, 5005)
(10640, 134, 5030, 5024, 5018, 5012, 5011, 5005)
(10641, 1, 5048, 5043, 5032, 5021, 5010)
(10642, 2, 5031, 5025, 5019, 5008, 5002)
(10643, 134, 5030, 5019, 5008)
(10644, 1, 5031, 5025, 5019, 5008, 5002)
(10645, 1, 5038, 5033, 5028, 5017, 5012, 5013, 5008, 5003, 5004)
(10646, 4, 5027, 5016, 5005)
(10647, 60, 5004, 5003, 5008, 5019, 5030, 5041, 5052, 5057, 5056, 5055)
(10648, 31, 5038, 5033, 5028, 5017, 5012, 5013, 5008, 5003)
(10649, 58, 5012, 5013, 5019, 5030, 5041, 5047, 5048, 5054)
(10650, 72, 5032, 5043, 5054)
(10651, 60, 5012, 5013, 5019, 5030, 5041, 5052)
(10652, 20, 5029, 5018, 5007)
(10653, 58, 5011, 5012, 5013, 5019, 5030, 5041, 5047, 5053)
(10654, 1, 5028, 5017, 5011, 5005)
(10655, 19, 5051, 5040, 5029, 5023)
(10656, 2, 5028, 5039, 5050)
(10657, 136, 5048, 5047, 5041, 5030, 5019, 5008, 5003)
(10658, 1, 5028, 5017, 5011, 5005)
(10659, 137, 5030, 5024, 5023, 5017, 5011, 5005)
(10660, 60, 5005, 5011, 5012, 5013, 5019, 5030, 5041, 5047, 5053)
(10661, 4, 5032, 5026, 5025, 5019, 5008, 5002, 5001)
(10662, 19, 5040, 5029, 5018, 5012, 5006)
(10663, 4, 5028, 5017, 5011, 5005)
(10664, 3, 5031, 5025, 5019, 5008, 5003)
(10665, 1, 5028, 5039, 5050, 5056)
(10666, 2, 5047, 5041, 5030, 5019, 5014)
(10667, 69, 5053, 5047, 5041, 5030, 5019, 5014)
(10668, 5, 5032, 5026, 5025, 5019, 5008, 5002, 5001)
(10669, 2, 5019, 5030, 5041)
(10670, 2, 5040, 5029, 5018)
(10671, 58, 5006, 5012, 5013, 5019, 5030, 5041, 5047, 5048, 5054)
(10672, 136, 5048, 5047, 5041, 5030, 5019, 5008, 5002)
(10673, 136, 5048, 5047, 5041, 5030, 5019, 5008)
(10674, 55, 5023, 5029, 5040, 5046, 5052)
(10675, 72, 5032, 5043, 5054)
(10676, 4, 5027, 5016, 5005)
(10677, 8, 5006, 5017, 5022, 5027, 5038)
(10678, 107, 5020, 5031, 5042, 5047, 5052, 5057)
(10679, 2, 5018, 5029, 5040, 5051)
(10680, 2, 5015, 5020, 5031, 5036, 5041, 5052, 5057)
(10681, 1, 5028, 5017, 5011, 5005)
(10682, 26, 5038, 5033, 5028, 5017, 5006)
(10683, 9, 5027, 5038, 5044, 5050, 5056)
(10684, 2, 5009, 5020, 5031, 5042, 5053)
(10685, 2, 5047, 5041, 5030, 5024, 5023, 5017, 5011)
(10686, 3, 5015, 5020, 5031, 5036, 5041, 5052, 5057)
(10687, 1, 5027, 5038, 5044, 5050)
(10688, 3, 5054, 5048, 5047, 5041, 5030, 5024, 5023)
(10689, 50, 5029, 5040, 5051)
(10690, 24, 5059, 5058, 5057, 5056, 5050, 5044, 5038, 5027)
(10691, 3, 5015, 5020, 5031, 5042, 5047, 5046, 5051, 5056, 5055)
(10692, 4, 5031, 5025, 5024, 5023, 5017, 5011, 5005)
(10693, 120, 5019, 5030, 5041, 5047, 5048)
(10694, 5, 5032, 5026, 5025, 5019, 5008)
(10695, 137, 5030, 5019, 5008)
(10696, 58, 5013, 5019, 5030, 5041, 5047, 5048, 5054)
(10697, 1, 5054, 5043, 5032, 5021)
(10698, 72, 5032, 5043, 5054)
(10699, 166, 5030, 5041, 5047, 5048, 5054)
(10700, 21, 5040, 5029, 5023, 5017, 5011)
(10701, 1, 5027, 5038, 5044, 5050, 5056, 5057, 5058)
(10702, 120, 5004, 5003, 5008, 5019, 5030, 5041, 5052)
(10703, 1, 5050, 5044, 5038, 5027, 5016)
(10704, 3, 5009, 5020, 5025, 5030, 5041, 5052, 5057, 5056)
(10705, 5, 5032, 5026, 5025, 5019, 5008, 5002)
(10706, 37, 5059, 5058, 5057, 5056, 5050, 5044, 5038, 5027, 5016)
(10707, 1, 5013, 5019, 5030, 5041, 5047, 5053)
(10708, 47, 5020, 5026, 5032, 5043, 5054)
(10709, 120, 5019, 5030, 5041, 5047, 5048, 5054)
(10710, 5, 5032, 5021, 5015, 5009)
(10711, 4, 5043, 5032, 5021)
(10712, 58, 5004, 5009, 5020, 5025, 5030, 5041)
(10713, 120, 5019, 5030, 5041, 5052, 5057, 5056)
(10714, 2, 5031, 5042, 5053)
(10715, 59, 5004, 5009, 5020, 5031, 5042)
(10716, 2, 5055, 5056, 5057, 5052, 5041, 5030, 5019, 5014)
(10717, 3, 5026, 5032, 5043, 5054)
(10718, 55, 5029, 5040, 5051)
(10719, 60, 5013, 5019, 5030, 5041, 5052)
(10720, 1, 5026, 5032, 5043, 5054)
(10721, 166, 5019, 5030, 5041, 5052, 5057, 5056)
(10722, 56, 5029, 5040, 5051, 5057, 5058)
(10723, 2, 5058, 5057, 5056, 5050, 5044, 5038, 5027)
(10724, 166, 5019, 5030, 5041)
(10725, 69, 5056, 5057, 5052, 5041, 5030, 5019, 5008, 5003)
(10726, 2, 5021, 5032, 5043, 5048, 5047, 5052, 5057, 5056)
(10727, 1, 5027, 5016, 5005)
(10728, 2, 5044, 5045, 5046, 5041, 5030, 5019, 5008, 5003, 5004)
(10729, 54, 5041, 5030, 5024, 5018)
(10730, 1, 5056, 5050, 5044, 5038, 5027, 5016)
(10731, 1, 5011, 5017, 5028, 5039)
(10732, 59, 5029, 5035, 5041, 5047, 5048, 5054)
(10733, 55, 5023, 5029, 5040, 5051, 5057)
(10734, 2, 5010, 5021, 5032, 5043)
(10735, 166, 5030, 5041, 5047, 5053)
(10736, 74, 5032, 5043, 5054)
(10737, 21, 5040, 5029, 5023, 5017, 5011, 5005)
(10738, 5, 5027, 5016, 5005)
(10739, 56, 5029, 5040, 5046, 5047, 5048, 5054)
(10740, 136, 5048, 5047, 5041, 5030, 5024, 5018, 5012)
(10741, 1, 5031, 5025, 5019, 5008, 5003)
(10742, 1, 5021, 5032, 5043, 5048, 5047, 5052, 5057, 5056)
(10743, 137, 5030, 5019, 5008, 5002)
(10744, 60, 5013, 5019, 5030, 5041, 5047)
(10745, 3, 5010, 5021, 5032, 5043, 5048)
(10746, 59, 5008, 5019, 5030, 5041, 5047)
(10747, 52, 5007, 5013, 5019, 5030, 5036, 5037)
(10748, 62, 5023, 5029, 5035, 5041, 5052, 5058)
(10749, 3, 5018, 5029, 5040, 5051, 5056)
(10750, 59, 5029, 5040, 5051, 5057, 5058)
(10751, 74, 5032, 5043, 5054)
(10752, 17, 5038, 5027, 5016, 5005)
(10753, 58, 5004, 5009, 5020, 5025, 5030, 5041, 5046, 5045)
(10754, 2, 5012, 5013, 5019, 5030, 5041, 5052)
(10755, 105, 5052, 5041, 5030, 5019, 5008, 5003)
(10756, 55, 5041, 5030, 5024, 5018)
(10757, 19, 5040, 5029, 5018)
(10758, 9, 5018, 5029, 5040, 5051, 5056)
(10759, 2, 5010, 5021, 5032, 5043, 5054)
(10760, 136, 5041, 5030, 5019, 5008, 5003)
(10761, 11, 5031, 5042, 5053)
(10762, 28, 5009, 5020, 5031)
(10763, 74, 5032, 5043, 5054)
(10764, 58, 5003, 5008, 5019, 5030, 5041, 5046)
(10765, 8, 5006, 5017, 5028, 5039, 5050)
(10766, 19, 5051, 5040, 5029)
(10767, 17, 5038, 5027, 5016)
(10768, 166, 5019, 5030, 5041, 5052)
(10769, 18, 5038, 5027, 5016, 5005)
(10770, 9, 5017, 5022, 5027, 5038, 5049)
(10771, 60, 5020, 5031, 5036, 5041, 5052, 5057)
(10772, 3, 5049, 5038, 5033, 5028, 5017, 5006)
(10773, 59, 5029, 5040, 5051, 5057)
(10774, 12, 5006, 5017, 5028)
(10775, 69, 5051, 5046, 5041, 5030, 5019)
(10776, 37, 5051, 5040, 5029, 5018)
(10777, 3, 5015, 5020, 5031, 5036, 5041, 5052, 5057, 5056, 5055)
(10778, 69, 5051, 5046, 5041, 5030, 5019, 5008, 5003, 5004)
(10779, 4, 5028, 5017, 5011, 5005)
(10780, 2, 5011, 5012, 5013, 5019, 5030, 5041, 5052)
(10781, 167, 5030, 5041, 5047, 5053)
(10782, 1, 5028, 5017, 5011, 5005)
(10783, 52, 5006, 5012, 5013, 5019, 5030)
(10784, 59, 5008, 5019, 5030, 5041, 5046, 5045, 5044)
(10785, 2, 5031, 5042, 5053)
(10786, 105, 5052, 5041, 5030, 5019, 5008, 5002, 5001)
(10787, 138, 5030, 5019, 5008)
(10788, 140, 5030, 5019, 5008)
(10789, 35, 5051, 5040, 5029, 5023, 5017, 5006)
(10790, 31, 5038, 5033, 5028, 5017, 5012, 5013, 5008)
(10791, 1, 5052, 5041, 5030, 5019, 5014)
(10792, 106, 5052, 5041, 5030, 5019, 5008, 5003)
(10793, 5, 5027, 5016, 5005)
(10794, 58, 5004, 5009, 5020, 5025, 5030, 5041, 5046)
(10795, 1, 5049, 5038, 5033, 5028, 5017, 5006)
(10796, 60, 5007, 5013, 5019, 5030, 5041, 5047)
(10797, 60, 5009, 5020, 5025, 5030, 5041, 5052, 5057, 5056)
(10798, 7, 5049, 5038, 5033, 5028, 5017, 5012, 5007)
(10799, 120, 5007, 5013, 5019, 5030, 5041, 5047, 5048)
(10800, 20, 5029, 5018, 5012, 5006)
(10801, 140, 5030, 5019, 5008, 5002)
(10802, 31, 5049, 5038, 5033, 5028, 5017, 5012, 5013, 5014)
(10803, 7, 5059, 5053, 5042, 5031)
(10804, 4, 5054, 5043, 5032)
(10805, 4, 5059, 5054, 5043, 5032, 5021, 5010)
(10806, 69, 5053, 5047, 5041, 5030, 5019, 5008, 5003)
(10807, 74, 5032, 5043, 5054)
(10808, 4, 5053, 5042, 5031)
(10809, 62, 5023, 5029, 5035, 5041, 5052)
(10810, 69, 5045, 5046, 5041, 5030, 5019, 5008)
(10811, 3, 5010, 5021, 5032, 5043)
(10812, 1, 5046, 5041, 5030, 5019, 5008, 5002)
(10813, 120, 5005, 5011, 5012, 5013, 5019, 5030, 5041, 5047, 5048, 5054)
(10814, 140, 5030, 5019, 5008, 5002, 5001)
(10815, 59, 5008, 5019, 5030, 5041, 5046, 5045)
(10816, 2, 5012, 5013, 5019, 5030, 5041, 5047, 5048)
(10817, 12, 5006, 5017, 5028, 5033, 5038, 5049)
(10818, 5, 5027, 5016, 5005)
(10819, 60, 5008, 5019, 5030, 5041)
(10820, 5, 5028, 5017, 5011, 5005)
(10821, 37, 5059, 5058, 5057, 5056, 5050, 5044, 5038, 5027, 5016, 5005)
(10822, 2, 5050, 5039, 5028, 5017, 5006)
(10823, 69, 5053, 5047, 5041, 5030, 5019, 5008)
(10824, 4, 5031, 5025, 5019, 5008, 5002)
(10825, 76, 5032, 5043, 5054)
(10826, 105, 5046, 5041, 5030, 5019, 5008, 5003, 5004)
(10827, 24, 5059, 5058, 5057, 5056, 5050, 5044, 5038, 5027)
(10828, 136, 5041, 5030, 5019, 5008)
(10829, 55, 5041, 5030, 5024, 5018, 5012, 5011)
(10830, 1, 5026, 5032, 5043, 5054)
(10831, 59, 5004, 5009, 5020, 5031, 5042, 5053)
(10832, 2, 5039, 5028, 5017)
(10833, 74, 5029, 5018, 5012, 5011, 5005)
(10834, 1, 5056, 5057, 5052, 5041, 5030, 5019, 5008, 5003)
(10835, 137, 5041, 5030, 5019, 5008, 5003)
(10836, 162, 5030, 5019, 5008, 5002)
(10837, 69, 5059, 5058, 5052, 5041, 5030, 5019)
(10838, 9, 5027, 5038, 5044, 5050, 5056, 5057, 5058, 5059)
(10839, 167, 5030, 5041, 5052)
(10840, 28, 5005, 5011, 5017, 5023, 5029, 5040)
(10841, 19, 5059, 5058, 5057, 5056, 5050, 5039, 5028)
(10842, 4, 5054, 5043, 5032, 5021, 5010)
(10843, 4, 5050, 5039, 5028)
(10844, 164, 5041, 5030, 5019)
(10845, 5, 5027, 5016, 5005)
(10846, 3, 5015, 5020, 5031, 5042, 5047, 5052)
(10847, 7, 5032, 5026, 5025, 5019, 5008, 5002)
(10848, 60, 5003, 5008, 5019, 5030, 5041, 5052)
(10849, 12, 5017, 5028, 5039, 5050)
(10850, 69, 5053, 5047, 5041, 5030, 5024, 5023)
(10851, 76, 5032, 5043, 5054)
(10852, 1, 5011, 5017, 5028, 5039, 5050, 5056)
(10853, 60, 5058, 5057, 5051, 5040, 5029, 5023, 5017, 5011)
(10854, 27, 5029, 5018, 5012, 5006)
(10855, 105, 5045, 5046, 5041, 5030, 5019, 5008, 5003)
(10856, 164, 5030, 5024, 5018, 5012, 5011, 5005)
(10857, 5, 5027, 5038, 5044, 5050)
(10858, 7, 5032, 5026, 5025, 5019, 5008, 5002)
(10859, 69, 5047, 5041, 5030, 5019)
(10860, 18, 5038, 5027, 5016, 5005)
(10861, 106, 5052, 5041, 5030, 5019, 5008, 5002, 5001)
(10862, 2, 5011, 5017, 5028, 5039, 5050)
(10863, 11, 5031, 5042, 5053)
(10864, 66, 5040, 5029, 5023, 5017, 5011, 5005)
(10865, 2, 5012, 5013, 5019, 5030, 5041, 5047, 5048, 5054)
(10866, 1, 5057, 5056, 5050, 5044, 5038, 5027)
(10867, 105, 5045, 5046, 5041, 5030, 5019, 5008)
(10868, 105, 5046, 5041, 5030, 5019, 5008)
(10869, 47, 5009, 5020, 5026, 5032, 5043)
(10870, 8, 5005, 5011, 5017, 5028)
(10871, 9, 5027, 5038, 5044, 5050, 5056, 5057, 5058, 5059)
(10872, 120, 5007, 5013, 5019, 5030, 5041, 5052, 5058)
(10873, 2, 5012, 5017, 5028, 5039, 5050)
(10874, 31, 5049, 5038, 5033, 5028, 5017, 5012, 5013, 5008, 5003, 5004)
(10875, 105, 5045, 5046, 5041, 5030, 5019, 5008, 5003)
(10876, 66, 5029, 5040, 5046, 5047, 5053)
(10877, 60, 5003, 5008, 5019, 5030, 5041, 5052)
(10878, 164, 5030, 5024, 5018, 5012, 5011, 5005)
(10879, 7, 5032, 5021, 5010)
(10880, 60, 5011, 5012, 5013, 5019, 5030, 5041, 5047, 5048, 5054)
(10881, 69, 5056, 5057, 5052, 5041, 5030, 5019, 5008, 5003, 5004)
(10882, 60, 5013, 5019, 5030, 5041)
(10883, 7, 5032, 5021, 5010)
(10884, 5, 5028, 5017, 5011, 5005)
(10885, 58, 5004, 5003, 5008, 5019, 5030, 5041)
(10886, 120, 5013, 5019, 5030, 5041, 5047, 5048, 5054)
(10887, 1, 5050, 5044, 5038, 5027, 5016)
(10888, 67, 5023, 5029, 5040, 5051)
(10889, 166, 5019, 5030, 5041, 5047, 5048)
(10890, 1, 5047, 5041, 5030, 5024, 5018, 5012, 5011, 5005)
(10891, 60, 5008, 5019, 5030, 5041, 5047, 5053)
(10892, 5, 5028, 5017, 5011, 5005)
(10893, 4, 5031, 5025, 5019, 5008, 5002, 5001)
(10894, 4, 5031, 5025, 5019, 5008, 5002, 5001)
(10895, 1, 5050, 5044, 5038, 5027, 5016)
(10896, 164, 5030, 5019, 5008, 5002)
(10897, 136, 5052, 5041, 5030, 5019, 5008, 5002)
(10898, 1, 5041, 5030, 5024, 5018, 5012, 5011, 5005)
(10899, 3, 5021, 5032, 5043, 5048, 5047, 5052, 5057)
(10900, 8, 5005, 5011, 5017, 5028)
(10901, 164, 5041, 5030, 5019, 5008, 5002, 5001)
(10902, 61, 5004, 5009, 5020, 5031, 5042, 5053)
(10903, 60, 5006, 5012, 5013, 5019, 5030, 5041)
(10904, 168, 5030, 5041, 5047, 5048, 5054)
(10905, 52, 5006, 5012, 5013, 5019, 5030, 5036)
(10906, 8, 5032, 5021, 5010, 5004)
(10907, 105, 5051, 5046, 5041, 5030, 5019, 5008, 5003)
(10908, 7, 5043, 5032, 5021, 5015)
(10909, 67, 5029, 5040, 5051)
(10910, 1, 5056, 5050, 5044, 5038, 5027)
(10911, 164, 5030, 5019, 5008, 5002, 5001)
(10912, 52, 5007, 5013, 5019, 5030, 5036)
(10913, 167, 5030, 5019, 5008, 5002, 5001)
(10914, 1, 5011, 5012, 5013, 5019, 5030, 5041, 5047)
(10915, 107, 5020, 5031, 5042, 5047, 5052, 5057, 5056)
(10916, 76, 5032, 5043, 5054)
(10917, 19, 5040, 5029, 5018, 5007)
(10918, 173, 5030, 5019, 5008)
(10919, 4, 5054, 5043, 5032)
(10920, 67, 5023, 5029, 5040, 5051, 5057, 5058)
(10921, 1, 5053, 5047, 5041, 5030, 5019, 5008, 5003)
(10922, 1, 5054, 5043, 5032)
(10923, 2, 5017, 5023, 5029, 5040, 5051)
(10924, 57, 5041, 5030, 5024, 5018)
(10925, 28, 5005, 5011, 5017, 5023, 5029, 5040)
(10926, 75, 5023, 5029, 5035, 5041, 5047, 5048, 5054)
(10927, 8, 5007, 5012, 5017, 5022, 5027, 5038, 5049)
(10928, 68, 5023, 5029, 5040, 5051)
(10929, 4, 5054, 5043, 5032, 5021, 5010)
(10930, 69, 5047, 5041, 5030, 5024, 5023, 5017)
(10931, 1, 5015, 5020, 5031, 5042, 5053)
(10932, 59, 5020, 5031, 5042, 5048, 5054)
(10933, 8, 5032, 5026, 5025, 5019, 5008, 5002)
(10934, 74, 5047, 5041, 5030, 5024, 5018, 5012, 5011, 5005)
(10935, 2, 5011, 5012, 5013, 5019, 5030, 5041, 5052)
(10936, 82, 5032, 5043, 5054)
(10937, 9, 5032, 5026, 5025, 5019, 5008)
(10938, 69, 5056, 5057, 5052, 5041, 5030, 5019, 5008, 5003)
(10939, 60, 5008, 5019, 5030, 5041, 5046, 5051, 5056, 5055)
(10940, 25, 5059, 5058, 5057, 5056, 5050, 5044, 5038, 5027)
(10941, 37, 5059, 5058, 5057, 5056, 5050, 5044, 5038, 5027, 5016)
(10942, 69, 5056, 5057, 5052, 5041, 5030, 5019)
(10943, 69, 5047, 5041, 5030, 5019, 5008, 5002, 5001)
(10944, 105, 5051, 5046, 5041, 5030, 5019, 5008, 5003)
(10945, 31, 5049, 5038, 5033, 5028, 5017, 5012, 5013, 5008)
(10946, 5, 5028, 5017, 5011, 5005)
(10947, 27, 5029, 5018, 5007)
(10948, 27, 5029, 5018, 5012, 5006)
(10949, 20, 5040, 5029, 5018, 5012, 5011)
(10950, 7, 5031, 5025, 5019, 5008, 5002, 5001)
(10951, 106, 5045, 5046, 5041, 5030, 5019, 5008, 5003, 5004)
(10952, 120, 5011, 5012, 5013, 5019, 5030, 5041, 5047, 5048, 5054)
(10953, 9, 5032, 5021, 5015, 5009)
(10954, 1, 5015, 5020, 5031, 5042, 5047, 5046, 5051, 5056)
(10955, 8, 5043, 5032, 5021, 5015)
(10956, 69, 5058, 5052, 5041, 5030, 5019, 5008, 5003)
(10957, 120, 5004, 5003, 5008, 5019, 5030, 5041, 5052)
(10958, 58, 5004, 5003, 5008, 5019, 5030, 5041)
(10959, 105, 5051, 5046, 5041, 5030, 5019, 5008, 5003)
(10960, 106, 5045, 5046, 5041, 5030, 5019, 5008, 5003, 5004)
(10961, 2, 5050, 5044, 5038, 5027)
(10962, 136, 5046, 5041, 5030, 5019, 5008)
(10963, 68, 5023, 5029, 5040, 5051, 5057, 5058)
(10964, 12, 5006, 5017, 5028, 5039, 5050)
(10965, 120, 5011, 5012, 5013, 5019, 5030, 5041, 5052, 5058)
(10966, 136, 5045, 5046, 5041, 5030, 5019, 5008, 5003)
(10967, 164, 5041, 5030, 5024, 5018)
(10968, 8, 5043, 5032, 5021, 5015)
(10969, 166, 5019, 5030, 5041, 5047, 5048, 5054)
(10970, 120, 5007, 5013, 5019, 5030, 5041, 5047)
(10971, 169, 5030, 5041, 5047, 5053)
(10972, 120, 5004, 5009, 5020, 5025, 5030, 5041, 5046, 5051, 5056, 5055)
(10973, 75, 5023, 5029, 5035, 5041, 5052, 5058)
(10974, 52, 5008, 5019, 5030)
(10975, 1, 5028, 5017, 5011, 5005)
(10976, 9, 5043, 5032, 5021, 5010)
(10977, 167, 5019, 5030, 5041, 5047, 5053)
(10978, 3, 5021, 5032, 5043, 5048, 5047, 5052, 5057, 5056, 5055)
(10979, 1, 5053, 5047, 5041, 5030, 5024, 5018, 5012)
(10980, 7, 5027, 5016, 5005)
(10981, 1, 5027, 5016, 5005)
(10982, 1, 5056, 5050, 5044, 5038, 5027, 5016)
(10983, 27, 5029, 5018, 5012, 5006)
(10984, 7, 5054, 5043, 5032)
(10985, 136, 5045, 5046, 5041, 5030, 5019, 5008, 5003, 5004)
(10986, 2, 5047, 5041, 5030, 5019, 5008, 5002)
(10987, 7, 5027, 5016, 5005)
(10988, 2, 5050, 5039, 5028, 5017)
(10989, 1, 5013, 5019, 5030, 5041, 5052, 5057)
(10990, 120, 5011, 5012, 5013, 5019, 5030, 5041, 5047, 5048)
(10991, 69, 5053, 5047, 5041, 5030, 5019, 5008, 5003)
(10992, 120, 5003, 5008, 5019, 5030, 5041, 5052, 5057, 5056, 5055)
(10993, 11, 5031, 5042, 5053)
(10994, 1, 5049, 5038, 5027, 5016, 5005)
(10995, 1, 5054, 5048, 5047, 5041, 5030, 5024, 5023)
(10996, 10, 5032, 5026, 5025, 5019, 5008)
(10997, 164, 5041, 5030, 5024, 5018)
(10998, 52, 5007, 5013, 5019, 5030)
(10999, 10, 5032, 5026, 5025, 5019, 5008, 5002)
(11000, 1, 5013, 5019, 5030, 5041, 5047, 5048)
(11001, 136, 5046, 5041, 5030, 5019, 5008, 5003, 5004)
(11002, 3, 5022, 5023, 5029, 5035, 5041, 5047, 5048, 5054)
(11003, 69, 5023, 5029, 5040, 5046, 5052)
(11004, 47, 5008, 5014, 5020, 5026, 5032)
(11005, 31, 5038, 5033, 5028, 5017, 5012, 5013, 5008, 5003)
(11006, 69, 5059, 5058, 5052, 5041, 5030, 5019, 5008)
(11007, 5, 5027, 5038, 5044, 5050)
(11008, 3, 5026, 5032, 5043, 5054)
(11009, 82, 5032, 5043, 5054)
(11010, 69, 5047, 5041, 5030, 5024, 5023, 5017, 5011)
(11011, 1, 5056, 5051, 5040, 5029, 5018, 5007)
(11012, 1, 5055, 5056, 5057, 5052, 5041, 5030, 5019, 5008, 5003)
(11013, 137, 5048, 5047, 5041, 5030, 5019, 5008, 5002, 5001)
(11014, 120, 5008, 5019, 5030, 5041, 5052, 5057)
(11015, 74, 5051, 5040, 5029, 5018, 5012, 5011, 5005)
(11016, 75, 5047, 5041, 5030, 5024, 5018)
(11017, 60, 5006, 5012, 5013, 5019, 5030, 5041, 5047)
(11018, 7, 5031, 5025, 5019, 5008, 5002, 5001)
(11019, 28, 5029, 5018, 5012, 5006)
(11020, 182, 5030, 5019, 5008, 5002, 5001)
(11021, 167, 5019, 5030, 5041, 5046, 5051, 5056)
(11022, 38, 5032, 5026, 5025, 5019, 5008)
(11023, 69, 5023, 5029, 5040, 5051, 5057, 5058)
(11024, 59, 5031, 5042, 5048, 5054)
(11025, 167, 5019, 5030, 5041, 5046, 5051, 5056, 5055)
(11026, 2, 5017, 5028, 5033, 5038, 5049)
(11027, 120, 5005, 5011, 5012, 5013, 5019, 5030, 5041, 5047, 5048, 5054)
(11028, 82, 5032, 5043, 5054)
(11029, 74, 5053, 5047, 5041, 5030, 5024, 5018, 5012)
(11030, 1, 5010, 5021, 5032, 5043)
(11031, 105, 5051, 5046, 5041, 5030, 5019, 5008)
(11032, 120, 5007, 5013, 5019, 5030, 5041, 5052)
(11033, 76, 5023, 5029, 5035, 5041, 5047, 5048, 5054)
(11034, 19, 5056, 5051, 5040, 5029, 5018, 5007)
(11035, 69, 5053, 5047, 5041, 5030, 5024)
(11036, 28, 5029, 5018, 5012, 5006)
(11037, 7, 5031, 5025, 5019, 5008, 5002)
(11038, 166, 5004, 5003, 5008, 5019, 5030, 5041, 5052, 5057, 5056)
(11039, 69, 5056, 5057, 5052, 5041, 5030, 5019, 5008, 5003, 5004)
(11040, 69, 5047, 5041, 5030, 5019, 5014)
(11041, 59, 5031, 5042, 5053)
(11042, 1, 5049, 5038, 5027, 5016)
(11043, 166, 5004, 5003, 5008, 5019, 5030, 5041, 5046, 5045)
(11044, 169, 5030, 5041, 5052, 5058)
(11045, 1, 5028, 5017, 5011, 5005)
(11046, 59, 5031, 5042, 5053)
(11047, 82, 5032, 5043, 5054)
(11048, 12, 5005, 5011, 5017, 5028)
(11049, 4, 5050, 5039, 5028, 5017, 5006)
(11050, 106, 5051, 5046, 5041, 5030, 5019, 5014, 5015)
(11051, 28, 5029, 5018, 5012, 5006)
(11052, 52, 5007, 5013, 5019, 5030, 5036, 5037)
(11053, 211, 5030, 5041, 5047, 5053)
(11054, 167, 5019, 5030, 5041, 5047, 5048)
(11055, 120, 5007, 5013, 5019, 5030, 5041, 5047, 5048, 5054)
(11056, 7, 5055, 5056, 5057, 5052, 5047, 5048, 5043, 5032, 5021)
(11057, 6, 5028, 5017, 5006)
(11058, 211, 5030, 5041, 5047, 5048, 5054)
(11059, 59, 5031, 5042, 5048, 5054)
(11060, 166, 5005, 5011, 5012, 5013, 5019, 5030, 5041)
(11061, 4, 5005, 5016, 5027, 5038, 5049)
(11062, 166, 5005, 5011, 5012, 5013, 5019, 5030, 5041, 5047, 5053)
(11063, 120, 5013, 5019, 5030, 5041, 5047, 5053)
(11064, 211, 5019, 5030, 5041)
(11065, 20, 5040, 5029, 5018, 5012, 5011, 5005)
(11066, 182, 5030, 5019, 5008, 5002, 5001)
(11067, 3, 5054, 5048, 5047, 5041, 5030, 5019, 5008, 5003)
(11068, 211, 5019, 5030, 5041, 5047, 5048, 5054)
(11069, 38, 5040, 5029, 5018, 5007)
(11070, 8, 5027, 5016, 5005)
(11071, 126, 5004, 5009, 5020, 5025, 5030, 5041)
(11072, 21, 5039, 5028, 5017, 5012, 5007)
(11073, 9, 5043, 5032, 5021, 5010)
(11074, 164, 5041, 5030, 5019, 5008)
(11075, 1, 5050, 5039, 5028)
(11076, 137, 5045, 5046, 5041, 5030, 5019, 5008)
(11077, 1, 5044, 5045, 5046, 5041, 5030, 5019, 5008)
(11078, 8, 5027, 5016, 5005)
(11079, 137, 5046, 5041, 5030, 5019, 5008)
(11080, 58, 5009, 5020, 5025, 5030, 5041, 5046)
(11081, 137, 5048, 5047, 5041, 5030, 5019, 5008, 5002)
(11082, 13, 5027, 5038, 5044, 5050, 5056, 5057)
(11083, 211, 5019, 5030, 5041)
(11084, 137, 5046, 5041, 5030, 5019, 5008, 5003, 5004)
(11085, 137, 5045, 5046, 5041, 5030, 5019, 5008)
(11086, 37, 5044, 5038, 5027, 5016)
(11087, 38, 5032, 5026, 5025, 5019, 5008, 5002)
(11088, 4, 5059, 5054, 5043, 5032, 5021, 5010)
(11089, 37, 5038, 5027, 5016, 5005)
(11090, 12, 5006, 5017, 5028, 5039, 5050)
(11091, 6, 5028, 5017, 5011, 5005)
(11092, 7, 5031, 5025, 5019, 5008, 5002, 5001)
(11093, 60, 5020, 5031, 5036, 5041, 5052)
(11094, 7, 5059, 5053, 5042, 5031)
(11095, 39, 5032, 5026, 5025, 5019, 5008)
(11096, 11, 5027, 5016, 5005)
(11097, 38, 5040, 5029, 5018, 5007)
(11098, 8, 5011, 5017, 5028, 5039)
(11099, 1, 5039, 5028, 5017, 5006)
(11100, 12, 5027, 5016, 5005)
(11101, 14, 5027, 5038, 5044, 5050, 5056, 5057)
(11102, 19, 5049, 5038, 5033, 5034, 5029, 5018, 5007)
(11103, 120, 5011, 5012, 5013, 5019, 5030, 5041, 5052, 5058)
(11104, 120, 5007, 5013, 5019, 5030, 5041, 5047)
(11105, 35, 5051, 5040, 5029, 5023, 5017, 5006)
(11106, 2, 5021, 5032, 5043)
(11107, 76, 5023, 5029, 5035, 5041, 5047, 5048, 5054)
(11108, 5, 5027, 5038, 5049)
(11109, 7, 5031, 5025, 5019, 5008, 5002, 5001)
(11110, 75, 5047, 5041, 5030, 5024, 5018)
(11111, 14, 5027, 5038, 5044, 5050, 5056, 5057, 5058)
(11112, 75, 5047, 5041, 5030, 5019)
(11113, 6, 5028, 5017, 5006)
(11114, 164, 5046, 5041, 5030, 5019, 5008, 5003)
(11115, 164, 5046, 5041, 5030, 5019, 5008, 5002)
(11116, 38, 5038, 5033, 5028, 5017, 5012, 5013, 5008)
(11117, 6, 5049, 5038, 5027, 5016)
(11118, 5, 5027, 5038, 5049)
(11119, 83, 5032, 5043, 5054)
(11120, 26, 5038, 5033, 5028, 5017, 5006)
(11121, 3, 5010, 5021, 5032, 5043)
(11122, 4, 5058, 5057, 5056, 5050, 5039, 5028)
(11123, 1, 5041, 5030, 5019, 5008, 5003, 5004)
(11124, 70, 5023, 5029, 5040, 5046, 5052, 5058)
(11125, 183, 5030, 5019, 5008, 5002)
(11126, 62, 5020, 5031, 5036, 5041, 5052, 5057)
(11127, 67, 5029, 5040, 5051, 5057, 5058)
(11128, 3, 5021, 5032, 5043)
(11129, 120, 5008, 5019, 5030, 5041, 5046, 5045)
(11130, 35, 5051, 5040, 5029)
(11131, 120, 5013, 5019, 5030, 5041, 5047)
(11132, 105, 5059, 5058, 5052, 5041, 5030, 5019, 5008, 5002, 5001)
(11133, 120, 5011, 5012, 5013, 5019, 5030, 5041, 5047, 5053)
(11134, 14, 5027, 5038, 5044, 5050, 5056)
(11135, 164, 5045, 5046, 5041, 5030, 5019, 5008, 5003)
(11136, 1, 5058, 5057, 5056, 5050, 5044, 5038, 5027)
(11137, 12, 5027, 5016, 5005)
(11138, 3, 5044, 5045, 5046, 5041, 5030, 5019, 5008, 5003, 5004)
(11139, 206, 5030, 5019, 5008)
(11140, 16, 5027, 5016, 5005)
(11141, 67, 5029, 5040, 5051)
(11142, 164, 5041, 5030, 5024, 5018, 5012)
(11143, 52, 5008, 5019, 5030, 5036, 5037)
(11144, 83, 5023, 5029, 5035, 5041, 5052, 5058)
(11145, 137, 5048, 5047, 5041, 5030, 5024, 5018, 5012, 5011)
(11146, 180, 5041, 5030, 5024, 5018, 5012, 5011)
(11147, 43, 5029, 5018, 5012, 5006)
(11148, 16, 5027, 5016, 5005)
(11149, 58, 5003, 5008, 5019, 5030, 5041, 5046, 5045)
(11150, 37, 5038, 5027, 5016, 5005)
(11151, 40, 5032, 5026, 5025, 5019, 5008, 5002)
(11152, 59, 5031, 5042, 5053)
(11153, 2, 5054, 5048, 5047, 5041, 5030)
(11154, 211, 5019, 5030, 5041, 5052)
(11155, 56, 5032, 5026, 5025, 5024, 5018, 5012, 5011, 5005)
(11156, 59, 5020, 5031, 5042)
(11157, 60, 5015, 5020, 5031, 5036, 5041, 5052)
(11158, 59, 5031, 5042, 5053)
(11159, 136, 5047, 5041, 5030, 5024, 5018, 5012, 5011)
(11160, 180, 5041, 5030, 5024, 5018)
(11161, 7, 5028, 5017, 5006)
(11162, 38, 5040, 5029, 5018, 5012)
(11163, 1, 5012, 5013, 5019, 5030, 5041)
(11164, 9, 5007, 5018, 5029)
(11165, 206, 5030, 5019, 5008)
(11166, 53, 5058, 5052, 5041, 5030)
(11167, 106, 5051, 5046, 5041, 5030, 5019)
(11168, 1, 5017, 5023, 5029, 5040)
(11169, 21, 5039, 5028, 5017, 5012, 5007)
(11170, 17, 5027, 5016, 5005)
(11171, 7, 5054, 5043, 5032)
(11172, 120, 5011, 5012, 5013, 5019, 5030, 5041, 5047, 5048)
(11173, 207, 5030, 5024, 5023, 5017, 5011, 5005)
(11174, 38, 5040, 5029, 5018)
(11175, 12, 5007, 5012, 5017, 5028, 5039)
(11176, 38, 5038, 5033, 5028, 5017, 5012, 5013, 5008, 5003)
(11177, 62, 5020, 5031, 5036, 5041, 5052)
(11178, 17, 5027, 5016, 5005)
(11179, 26, 5038, 5033, 5028, 5017, 5006)
(11180, 17, 5027, 5016, 5005)
(11181, 14, 5027, 5038, 5044, 5050, 5056, 5057)
(11182, 37, 5058, 5057, 5056, 5050, 5044, 5038, 5027, 5016)
(11183, 207, 5030, 5019, 5008, 5002)
(11184, 74, 5020, 5031, 5036, 5041, 5052, 5057)
(11185, 60, 5012, 5013, 5019, 5030, 5041, 5047)
(11186, 136, 5047, 5041, 5030, 5024, 5018, 5012)
(11187, 167, 5004, 5003, 5008, 5019, 5030, 5041, 5052, 5057, 5056, 5055)
(11188, 136, 5047, 5041, 5030, 5019, 5008, 5002, 5001)
(11189, 38, 5038, 5033, 5028, 5017, 5012, 5013, 5008)
(11190, 7, 5028, 5017, 5011, 5005)
(11191, 211, 5019, 5030, 5041, 5052, 5057, 5056, 5055)
(11192, 12, 5006, 5017, 5028, 5039, 5050)
(11193, 7, 5055, 5056, 5057, 5052, 5047, 5048, 5043, 5032, 5021)
(11194, 120, 5013, 5019, 5030, 5041, 5047, 5053)
(11195, 43, 5029, 5018, 5012, 5006)
(11196, 126, 5004, 5009, 5020, 5025, 5030, 5041, 5046, 5051)
(11197, 6, 5049, 5038, 5033, 5028, 5017, 5006)
(11198, 7, 5049, 5038, 5033, 5028, 5017, 5012, 5007)
(11199, 166, 5011, 5012, 5013, 5019, 5030, 5041, 5047, 5048)
(11200, 74, 5020, 5031, 5036, 5041, 5052, 5057)
(11201, 181, 5041, 5030, 5024, 5018, 5012)
(11202, 55, 5040, 5029, 5023, 5017, 5011)
(11203, 83, 5032, 5043, 5054)
(11204, 106, 5051, 5046, 5041, 5030, 5019)
(11205, 24, 5050, 5044, 5038, 5027)
(11206, 84, 5032, 5043, 5054)
(11207, 1, 5053, 5047, 5041, 5030, 5024)
(11208, 68, 5029, 5040, 5051, 5057, 5058)
(11209, 8, 5011, 5017, 5028, 5039, 5050)
(11210, 12, 5007, 5012, 5017, 5022, 5027, 5038, 5049)
(11211, 84, 5032, 5043, 5054)
(11212, 180, 5046, 5041, 5030, 5019, 5008)
(11213, 10, 5007, 5018, 5029, 5040)
(11214, 25, 5059, 5058, 5057, 5056, 5050, 5044, 5038, 5027)
(11215, 164, 5045, 5046, 5041, 5030, 5019, 5008, 5003)
(11216, 10, 5007, 5018, 5029)
(11217, 211, 5019, 5030, 5041, 5047)
(11218, 10, 5007, 5018, 5029, 5034, 5033, 5038)
(11219, 120, 5008, 5019, 5030, 5041, 5052, 5057, 5056, 5055)
(11220, 63, 5032, 5026, 5025, 5024, 5018, 5012, 5011, 5005)
(11221, 1, 5021, 5032, 5043, 5048, 5047, 5052, 5057, 5056)
(11222, 70, 5023, 5029, 5040, 5046, 5047, 5048, 5054)
(11223, 59, 5009, 5020, 5031, 5042, 5048, 5054)
(11224, 212, 5019, 5030, 5041, 5052, 5057)
(11225, 59, 5031, 5042, 5053)
(11226, 85, 5032, 5043, 5054)
(11227, 6, 5027, 5038, 5044, 5050)
(11228, 1, 5012, 5017, 5028, 5039, 5050)
(11229, 40, 5032, 5026, 5025, 5019, 5008, 5002, 5001)
(11230, 1, 5044, 5038, 5027, 5016, 5005)
(11231, 120, 5008, 5019, 5030, 5041, 5047, 5048)
(11232, 209, 5030, 5019, 5008)
(11233, 85, 5032, 5043, 5054)
(11234, 167, 5004, 5003, 5008, 5019, 5030, 5041, 5046)
(11235, 66, 5057, 5051, 5040, 5029, 5023, 5017, 5011, 5005)
(11236, 120, 5008, 5019, 5030, 5041, 5046, 5051)
(11237, 166, 5007, 5013, 5019, 5030, 5041, 5047, 5053)
(11238, 136, 5047, 5041, 5030, 5019, 5008, 5002, 5001)
(11239, 87, 5023, 5029, 5040, 5051)
(11240, 212, 5019, 5030, 5041, 5052, 5057)
(11241, 2, 5056, 5050, 5044, 5038, 5027, 5016, 5005)
(11242, 120, 5020, 5025, 5030, 5041, 5052)
(11243, 136, 5047, 5041, 5030, 5024, 5018)
(11244, 60, 5006, 5012, 5013, 5019, 5030, 5041, 5052, 5058)
(11245, 53, 5059, 5058, 5052, 5041, 5030)
(11246, 136, 5051, 5046, 5041, 5030, 5019, 5008, 5003, 5004)
(11247, 7, 5028, 5017, 5006)
(11248, 212, 5030, 5041, 5052)
(11249, 7, 5028, 5017, 5006)
(11250, 88, 5032, 5043, 5054)
(11251, 58, 5009, 5020, 5025, 5030, 5041, 5046, 5045, 5044)
(11252, 168, 5004, 5003, 5008, 5019, 5030, 5041, 5046, 5045)
(11253, 60, 5006, 5012, 5013, 5019, 5030, 5041, 5047, 5053)
(11254, 166, 5007, 5013, 5019, 5030, 5041, 5047, 5048, 5054)
(11255, 120, 5008, 5019, 5030, 5041)
(11256, 9, 5031, 5025, 5019, 5008)
(11257, 166, 5011, 5012, 5013, 5019, 5030, 5041, 5047, 5048)
(11258, 1, 5055, 5056, 5057, 5052, 5041, 5030, 5019, 5008, 5003)
(11259, 1, 5044, 5045, 5046, 5041, 5030, 5019, 5008, 5003, 5004)
(11260, 88, 5032, 5043, 5054)
(11261, 87, 5023, 5029, 5040, 5051)
(11262, 60, 5006, 5012, 5013, 5019, 5030, 5041, 5047, 5053)
(11263, 2, 5021, 5032, 5043, 5054)
(11264, 8, 5028, 5017, 5011, 5005)
(11265, 212, 5030, 5041, 5047, 5053)
(11266, 120, 5008, 5019, 5030, 5041, 5047, 5053)
(11267, 53, 5059, 5058, 5052, 5041, 5030)
(11268, 120, 5008, 5019, 5030, 5041, 5047, 5053)
(11269, 214, 5030, 5019, 5008)
(11270, 53, 5040, 5029, 5018, 5012, 5011)
(11271, 217, 5030, 5019, 5008)
(11272, 2, 5026, 5032, 5043, 5054)
(11273, 47, 5007, 5013, 5014, 5020, 5026, 5032)
(11274, 12, 5005, 5011, 5017, 5028, 5039, 5050, 5056)
(11275, 18, 5027, 5016, 5005)
(11276, 214, 5030, 5041, 5047, 5053)
(11277, 217, 5030, 5019, 5008)
(11278, 37, 5027, 5016, 5005)
(11279, 19, 5057, 5051, 5040, 5029)
(11280, 136, 5047, 5041, 5030, 5019, 5008, 5002, 5001)
(11281, 88, 5023, 5029, 5040, 5046, 5052)
(11282, 60, 5012, 5013, 5019, 5030, 5041, 5047, 5048, 5054)
(11283, 120, 5012, 5013, 5019, 5030, 5041, 5052)
(11284, 6, 5039, 5028, 5017)
(11285, 4, 5048, 5043, 5032, 5021, 5010)
(11286, 38, 5038, 5033, 5028, 5017, 5012, 5013, 5008, 5003, 5004)
(11287, 214, 5030, 5041, 5052)
(11288, 60, 5006, 5012, 5013, 5019, 5030, 5041, 5047, 5048)
(11289, 26, 5038, 5033, 5028, 5017, 5006)
(11290, 120, 5008, 5019, 5030, 5041, 5052, 5057)
(11291, 59, 5015, 5020, 5031, 5042, 5053)
(11292, 164, 5048, 5047, 5041, 5030, 5019, 5008)
(11293, 219, 5030, 5019, 5008, 5002)
(11294, 166, 5005, 5011, 5012, 5013, 5019, 5030, 5041, 5052)
(11295, 89, 5032, 5043, 5054)
(11296, 6, 5049, 5038, 5033, 5028, 5017, 5006)
(11297, 166, 5008, 5019, 5030, 5041, 5047, 5048, 5054)
(11298, 6, 5027, 5038, 5049)
(11299, 51, 5032, 5026, 5025, 5019, 5008)
(11300, 107, 5020, 5031, 5042, 5047, 5052, 5057, 5056, 5055)
(11301, 1, 5056, 5050, 5044, 5038, 5027, 5016)
(11302, 47, 5009, 5020, 5026, 5032)
(11303, 8, 5028, 5017, 5006)
(11304, 59, 5003, 5008, 5019, 5030, 5041, 5046, 5051, 5056)
(11305, 212, 5019, 5030, 5041, 5047, 5048, 5054)
(11306, 1, 5055, 5056, 5057, 5052, 5047, 5048, 5043, 5032, 5021)
(11307, 164, 5048, 5047, 5041, 5030, 5019, 5008)
(11308, 136, 5052, 5041, 5030, 5019, 5014)
(11309, 120, 5013, 5019, 5030, 5041)
(11310, 166, 5011, 5012, 5013, 5019, 5030, 5041, 5047, 5048)
(11311, 9, 5031, 5025, 5019, 5008, 5002)
(11312, 53, 5052, 5041, 5030)
(11313, 8, 5028, 5017, 5011, 5005)
(11314, 59, 5015, 5020, 5031, 5042, 5053)
(11315, 74, 5029, 5018, 5012, 5011, 5005)
(11316, 59, 5020, 5031, 5042, 5048, 5054)
(11317, 166, 5008, 5019, 5030, 5041, 5047)
(11318, 47, 5021, 5032, 5043, 5048, 5053)
(11319, 89, 5032, 5043, 5054)
(11320, 212, 5019, 5030, 5041, 5047)
(11321, 1, 5021, 5032, 5043, 5054)
(11322, 7, 5056, 5057, 5052, 5047, 5048, 5043, 5032, 5021)
(11323, 126, 5004, 5009, 5020, 5025, 5030, 5041, 5046, 5051, 5056)
(11324, 37, 5051, 5040, 5029, 5018, 5007)
(11325, 180, 5046, 5041, 5030, 5019, 5008, 5003)
(11326, 74, 5053, 5047, 5041, 5030, 5024, 5018)
(11327, 1, 5054, 5043, 5032, 5021)
(11328, 166, 5008, 5019, 5030, 5041, 5046, 5045)
(11329, 6, 5027, 5038, 5044, 5050)
(11330, 60, 5031, 5042, 5053)
(11331, 54, 5029, 5018, 5007)
(11332, 1, 5053, 5047, 5041, 5030, 5019, 5014)
(11333, 137, 5047, 5041, 5030, 5019, 5008, 5002, 5001)
(11334, 68, 5029, 5040, 5051, 5057)
(11335, 38, 5027, 5016, 5005)
(11336, 166, 5011, 5012, 5013, 5019, 5030, 5041, 5052)
(11337, 6, 5049, 5038, 5033, 5028, 5017, 5006)
(11338, 90, 5032, 5043, 5054)
(11339, 14, 5027, 5038, 5044, 5050, 5056, 5057, 5058)
(11340, 69, 5058, 5052, 5041, 5030, 5019, 5008, 5003)
(11341, 3, 5057, 5056, 5050, 5044, 5038, 5027)
(11342, 105, 5059, 5058, 5052, 5041, 5030, 5019, 5014)
(11343, 26, 5038, 5033, 5028, 5017, 5006)
(11344, 120, 5013, 5019, 5030, 5041, 5047, 5048)
(11345, 28, 5006, 5017, 5023, 5029, 5040, 5051)
(11346, 9, 5031, 5025, 5019, 5008, 5002, 5001)
(11347, 166, 5008, 5019, 5030, 5041, 5046, 5045, 5044)
(11348, 126, 5004, 5009, 5020, 5025, 5030, 5041, 5046, 5051)
(11349, 69, 5029, 5040, 5046, 5047, 5048, 5054)
(11350, 220, 5030, 5019, 5008)
(11351, 1, 5057, 5056, 5050, 5044, 5038, 5027, 5016)
(11352, 2, 5022, 5023, 5029, 5035, 5041, 5047, 5048, 5054)
(11353, 166, 5007, 5013, 5019, 5030, 5041, 5052)
(11354, 120, 5006, 5012, 5013, 5019, 5030, 5041, 5047, 5048)
(11355, 25, 5058, 5057, 5056, 5050, 5044, 5038, 5027)
(11356, 28, 5005, 5011, 5017, 5023, 5029)
(11357, 136, 5051, 5046, 5041, 5030, 5019, 5008, 5003)
(11358, 35, 5005, 5011, 5017, 5023, 5029)
(11359, 14, 5027, 5038, 5044, 5050, 5056)
(11360, 12, 5006, 5017, 5022, 5027, 5038)
(11361, 47, 5010, 5021, 5032)
(11362, 9, 5059, 5053, 5042, 5031)
(11363, 8, 5028, 5017, 5006)
(11364, 220, 5030, 5019, 5008, 5002)
(11365, 59, 5003, 5008, 5019, 5030, 5041, 5046, 5045, 5044)
(11366, 69, 5056, 5057, 5052, 5041, 5030, 5019, 5008, 5003)
(11367, 60, 5031, 5042, 5048, 5054)
(11368, 9, 5018, 5029, 5040)
(11369, 6, 5039, 5028, 5017)
(11370, 66, 5021, 5032, 5043, 5048, 5047, 5052, 5057)
(11371, 166, 5008, 5019, 5030, 5041)
(11372, 2, 5055, 5056, 5057, 5052, 5041, 5030, 5019, 5008, 5003, 5004)
(11373, 9, 5031, 5025, 5024, 5023, 5017, 5011, 5005)
(11374, 137, 5051, 5046, 5041, 5030, 5019, 5014)
(11375, 42, 5051, 5040, 5029, 5018, 5007)
(11376, 74, 5053, 5047, 5041, 5030, 5019)
(11377, 226, 5030, 5019, 5008, 5002)
(11378, 1, 5026, 5032, 5043, 5054)
(11379, 59, 5020, 5031, 5042)
(11380, 1, 5057, 5056, 5050, 5044, 5038, 5027)
(11381, 1, 5057, 5056, 5050, 5044, 5038, 5027, 5016)
(11382, 37, 5038, 5027, 5016)
(11383, 1, 5012, 5013, 5019, 5030, 5041, 5047, 5048)
(11384, 226, 5030, 5019, 5008)
(11385, 52, 5007, 5013, 5019, 5030)
(11386, 226, 5030, 5019, 5008)
(11387, 9, 5028, 5017, 5006)
(11388, 78, 5020, 5031, 5042)
(11389, 51, 5032, 5026, 5025, 5019, 5008, 5002)
(11390, 60, 5031, 5042, 5053)
(11391, 1, 5044, 5038, 5027, 5016, 5005)
(11392, 180, 5048, 5047, 5041, 5030, 5019, 5008, 5002)
(11393, 2, 5050, 5039, 5028, 5017, 5006)
(11394, 2, 5026, 5032, 5043, 5054)
(11395, 60, 5031, 5042, 5053)
(11396, 181, 5041, 5030, 5019)
(11397, 51, 5032, 5026, 5025, 5019, 5008, 5002)
(11398, 19, 5058, 5057, 5051, 5040, 5029)
(11399, 1, 5052, 5041, 5030, 5019, 5008, 5003, 5004)
(11400, 166, 5011, 5012, 5013, 5019, 5030, 5041, 5047)
(11401, 74, 5029, 5018, 5012, 5011, 5005)
(11402, 166, 5008, 5019, 5030, 5041, 5046)
(11403, 51, 5032, 5026, 5025, 5019, 5008)
(11404, 10, 5007, 5018, 5029, 5040, 5051, 5056)
(11405, 63, 5032, 5026, 5025, 5024, 5018, 5012, 5011, 5005)
(11406, 12, 5006, 5017, 5028)
(11407, 38, 5027, 5016, 5005)
(11408, 137, 5047, 5041, 5030, 5024, 5018, 5012, 5011)
(11409, 28, 5011, 5017, 5023, 5029, 5040)
(11410, 120, 5003, 5008, 5019, 5030, 5041, 5052, 5057, 5056, 5055)
(11411, 59, 5009, 5020, 5031, 5042, 5053)
(11412, 137, 5047, 5041, 5030, 5024, 5018, 5012, 5011)
(11413, 66, 5058, 5057, 5051, 5040, 5029, 5023, 5017, 5011, 5005)
(11414, 1, 5021, 5032, 5043, 5054)
(11415, 1, 5021, 5032, 5043, 5048, 5047, 5052)
(11416, 27, 5038, 5033, 5028, 5017, 5006)
(11417, 9, 5018, 5029, 5040, 5051)
(11418, 1, 5017, 5023, 5029, 5040, 5051)
(11419, 19, 5039, 5034, 5029, 5018, 5007)
(11420, 54, 5052, 5041, 5030)
(11421, 8, 5051, 5046, 5047, 5048, 5043, 5032, 5021)
(11422, 11, 5031, 5025, 5024, 5023, 5017, 5011, 5005)
(11423, 213, 5019, 5030, 5041, 5052, 5057)
(11424, 6, 5027, 5038, 5044, 5050)
(11425, 70, 5029, 5040, 5051, 5057)
(11426, 60, 5032, 5026, 5025, 5019, 5008)
(11427, 2, 5021, 5032, 5043, 5054)
(11428, 11, 5031, 5025, 5019, 5008, 5002)
(11429, 28, 5009, 5020, 5031)
(11430, 55, 5029, 5018, 5012, 5006)
(11431, 74, 5020, 5031, 5036, 5041, 5052, 5057)
(11432, 137, 5047, 5041, 5030, 5019, 5008)
(11433, 10, 5043, 5032, 5021, 5010)
(11434, 180, 5048, 5047, 5041, 5030, 5024, 5018)
(11435, 164, 5045, 5046, 5041, 5030, 5019, 5008)
(11436, 137, 5051, 5046, 5041, 5030, 5019, 5008, 5003, 5004)
(11437, 63, 5031, 5042, 5048, 5054)
(11438, 213, 5019, 5030, 5041, 5052, 5057, 5056, 5055)
(11439, 2, 5010, 5021, 5032, 5043, 5054)
(11440, 24, 5032, 5021, 5010)
(11441, 55, 5006, 5012, 5013, 5014, 5020, 5031)
(11442, 60, 5032, 5026, 5025, 5019, 5008)
(11443, 137, 5047, 5041, 5030, 5019, 5008, 5002)
(11444, 213, 5019, 5030, 5041, 5047, 5048, 5054)
(11445, 180, 5048, 5047, 5041, 5030, 5019)
(11446, 9, 5028, 5017, 5011, 5005)
(11447, 42, 5051, 5040, 5029, 5018)
(11448, 120, 5013, 5019, 5030, 5041)
(11449, 55, 5029, 5018, 5012, 5006)
(11450, 58, 5009, 5020, 5025, 5030, 5041, 5046, 5045, 5044)
(11451, 90, 5032, 5043, 5054)
(11452, 25, 5032, 5021, 5010)
(11453, 11, 5031, 5025, 5019, 5008, 5002, 5001)
(11454, 137, 5047, 5041, 5030, 5024, 5018, 5012)
(11455, 15, 5027, 5038, 5049)
(11456, 136, 5052, 5041, 5030, 5019, 5008, 5002)
(11457, 180, 5048, 5047, 5041, 5030, 5019, 5008, 5003)
(11458, 126, 5004, 5009, 5020, 5025, 5030, 5041)
(11459, 52, 5005, 5011, 5012, 5013, 5019, 5030, 5036)
(11460, 28, 5007, 5018, 5029, 5034, 5033, 5038)
(11461, 227, 5030, 5019, 5008, 5002)
(11462, 54, 5052, 5041, 5030)
(11463, 1, 5015, 5020, 5031, 5042, 5053)
(11464, 181, 5048, 5047, 5041, 5030, 5024, 5018, 5012, 5011, 5005)
(11465, 203, 5041, 5030, 5019, 5008)
(11466, 1, 5010, 5021, 5032, 5043)
(11467, 213, 5019, 5030, 5041, 5047, 5053)
(11468, 74, 5020, 5031, 5036, 5041, 5052, 5057, 5056, 5055)
(11469, 7, 5049, 5038, 5027, 5016, 5005)
(11470, 227, 5030, 5019, 5008)
(11471, 229, 5030, 5041, 5047, 5053)
(11472, 181, 5048, 5047, 5041, 5030, 5019)
(11473, 58, 5009, 5020, 5025, 5030, 5041, 5046, 5045)
(11474, 26, 5028, 5017, 5006)
(11475, 120, 5012, 5013, 5019, 5030, 5041, 5047, 5048, 5054)
(11476, 78, 5020, 5031, 5042, 5048)
(11477, 229, 5030, 5041, 5052)
(11478, 203, 5041, 5030, 5024, 5018, 5012, 5011)
(11479, 166, 5008, 5019, 5030, 5041, 5046, 5051, 5056)
(11480, 70, 5029, 5040, 5051, 5057, 5058)
(11481, 38, 5027, 5016, 5005)
(11482, 166, 5011, 5012, 5013, 5019, 5030, 5041)
(11483, 54, 5059, 5058, 5052, 5041, 5030, 5024, 5018)
(11484, 91, 5032, 5043, 5054)
(11485, 56, 5027, 5016, 5005)
(11486, 19, 5056, 5051, 5040, 5029, 5018)
(11487, 28, 5007, 5018, 5029, 5040)
(11488, 229, 5019, 5030, 5041, 5047, 5048, 5054)
(11489, 91, 5032, 5043, 5054)
(11490, 1, 5017, 5028, 5039, 5050, 5056)
(11491, 229, 5019, 5030, 5041, 5052)
(11492, 28, 5011, 5017, 5023, 5029, 5040)
(11493, 33, 5027, 5038, 5044, 5050, 5056)
(11494, 38, 5038, 5033, 5028, 5017, 5012, 5013, 5008, 5003, 5004)
(11495, 181, 5048, 5047, 5041, 5030, 5019, 5008, 5002, 5001)
(11496, 26, 5028, 5017, 5006)
(11497, 120, 5006, 5012, 5013, 5019, 5030, 5041, 5047, 5048)
(11498, 56, 5031, 5025, 5024, 5023, 5017, 5011, 5005)
(11499, 55, 5007, 5013, 5014, 5020, 5031)
(11500, 2, 5010, 5021, 5032)
(11501, 74, 5032, 5026, 5025, 5024, 5018, 5012, 5011, 5005)
(11502, 3, 5057, 5056, 5050, 5044, 5038, 5027)
(11503, 228, 5030, 5019, 5008, 5002)
(11504, 69, 5056, 5057, 5052, 5041, 5030, 5019, 5008, 5003, 5004)
(11505, 2, 5050, 5044, 5038, 5027, 5016)
(11506, 74, 5029, 5018, 5012, 5011, 5005)
(11507, 20, 5038, 5033, 5034, 5029, 5018, 5007)
(11508, 27, 5028, 5017, 5006)
(11509, 27, 5038, 5033, 5028, 5017, 5006)
(11510, 230, 5030, 5041, 5052, 5058)
(11511, 56, 5027, 5016, 5005)
(11512, 21, 5039, 5028, 5017)
(11513, 35, 5031, 5025, 5019, 5008, 5002, 5001)
(11514, 181, 5046, 5041, 5030, 5019, 5008)
(11515, 35, 5005, 5011, 5017, 5023, 5029)
(11516, 120, 5003, 5008, 5019, 5030, 5041, 5046, 5045, 5044)
(11517, 56, 5027, 5016, 5005)
(11518, 230, 5030, 5041, 5052)
(11519, 10, 5043, 5032, 5021, 5010)
(11520, 31, 5049, 5038, 5033, 5028, 5017, 5012, 5013)
(11521, 31, 5049, 5038, 5033, 5028, 5017, 5012, 5013)
(11522, 39, 5038, 5033, 5028, 5017, 5012, 5013, 5008, 5003, 5004)
(11523, 248, 5030, 5041, 5052)
(11524, 228, 5030, 5024, 5023, 5017, 5011, 5005)
(11525, 61, 5032, 5026, 5025, 5019, 5008)
(11526, 12, 5006, 5017, 5028, 5033, 5038, 5049)
(11527, 61, 5032, 5026, 5025, 5019, 5008, 5002, 5001)
(11528, 52, 5007, 5013, 5019, 5030, 5036)
(11529, 56, 5027, 5016, 5005)
(11530, 56, 5027, 5016, 5005)
(11531, 52, 5051, 5040, 5029, 5018, 5012, 5011)
(11532, 10, 5018, 5029, 5040, 5051)
(11533, 3, 5026, 5032, 5043, 5054)
(11534, 3, 5055, 5056, 5057, 5052, 5041, 5030, 5019, 5014)
(11535, 66, 5021, 5032, 5043, 5048, 5047, 5052, 5057, 5056)
(11536, 63, 5031, 5042, 5053)
(11537, 166, 5008, 5019, 5030, 5041, 5052)
(11538, 166, 5013, 5019, 5030, 5041, 5047)
(11539, 1, 5028, 5039, 5050)
(11540, 63, 5031, 5042, 5053)
(11541, 120, 5006, 5012, 5013, 5019, 5030, 5041)
(11542, 56, 5027, 5016, 5005)
(11543, 7, 5005, 5016, 5027)
(11544, 164, 5051, 5046, 5041, 5030, 5019, 5008, 5003)
(11545, 53, 5008, 5019, 5030, 5036)
(11546, 1, 5044, 5045, 5046, 5041, 5030, 5019, 5008, 5003)
(11547, 10, 5018, 5029, 5040, 5051)
(11548, 229, 5019, 5030, 5041, 5047, 5048, 5054)
(11549, 166, 5007, 5013, 5019, 5030, 5041, 5052)
(11550, 60, 5009, 5020, 5031, 5042, 5048)
(11551, 7, 5049, 5038, 5033, 5028, 5017)
(11552, 56, 5028, 5017, 5011, 5005)
(11553, 2, 5056, 5050, 5044, 5038, 5027, 5016, 5005)
(11554, 27, 5038, 5033, 5028, 5017, 5006)
(11555, 248, 5030, 5041, 5052)
(11556, 182, 5048, 5047, 5041, 5030, 5024, 5018)
(11557, 120, 5006, 5012, 5013, 5019, 5030, 5041, 5047, 5053)
(11558, 248, 5030, 5041, 5047, 5048, 5054)
(11559, 120, 5009, 5020, 5025, 5030, 5041, 5052, 5057, 5056)
(11560, 105, 5056, 5057, 5052, 5041, 5030, 5019, 5008, 5003)
(11561, 74, 5032, 5026, 5025, 5024, 5018, 5012, 5011, 5005)
(11562, 15, 5027, 5038, 5044, 5050)
(11563, 126, 5004, 5009, 5020, 5025, 5030, 5041)
(11564, 24, 5050, 5044, 5038, 5027)
(11565, 66, 5021, 5032, 5043, 5048, 5047, 5052, 5057, 5056)
(11566, 47, 5020, 5026, 5032, 5043)
(11567, 206, 5041, 5030, 5024, 5018, 5012)
(11568, 181, 5046, 5041, 5030, 5019, 5008)
(11569, 35, 5031, 5025, 5019, 5008, 5002)
(11570, 120, 5020, 5025, 5030, 5041, 5052, 5057)
(11571, 19, 5057, 5051, 5040, 5029, 5023)
(11572, 12, 5007, 5012, 5017, 5028, 5039)
(11573, 12, 5011, 5017, 5028, 5039, 5050)
(11574, 59, 5029, 5018, 5012, 5006)
(11575, 164, 5051, 5046, 5041, 5030, 5019, 5014)
(11576, 13, 5006, 5017, 5028)
(11577, 55, 5009, 5020, 5031, 5037)
(11578, 120, 5020, 5025, 5030, 5041, 5052, 5057, 5056)
(11579, 137, 5047, 5041, 5030, 5019, 5008, 5003)
(11580, 168, 5004, 5009, 5020, 5025, 5030, 5041, 5046, 5051)
(11581, 30, 5032, 5021, 5010)
(11582, 53, 5008, 5019, 5030)
(11583, 120, 5012, 5013, 5019, 5030, 5041, 5047, 5048, 5054)
(11584, 94, 5032, 5043, 5054)
(11585, 166, 5007, 5013, 5019, 5030, 5041)
(11586, 47, 5009, 5020, 5026, 5032, 5043)
(11587, 15, 5027, 5038, 5044, 5050)
(11588, 46, 5051, 5040, 5029, 5018, 5012, 5006)
(11589, 211, 5004, 5003, 5008, 5019, 5030, 5041, 5052, 5057, 5056)
(11590, 56, 5028, 5017, 5011, 5005)
(11591, 15, 5027, 5038, 5044, 5050)
(11592, 2, 5057, 5056, 5050, 5044, 5038, 5027, 5016, 5005)
(11593, 75, 5029, 5040, 5051, 5057, 5058)
(11594, 21, 5039, 5028, 5017, 5006)
(11595, 33, 5027, 5038, 5044, 5050, 5056, 5057, 5058)
(11596, 56, 5027, 5016, 5005)
(11597, 78, 5009, 5020, 5031, 5042)
(11598, 36, 5005, 5011, 5017, 5023, 5029)
(11599, 137, 5047, 5041, 5030, 5019, 5008, 5002)
(11600, 120, 5012, 5013, 5019, 5030, 5041, 5047, 5053)
(11601, 27, 5028, 5017, 5006)
(11602, 62, 5032, 5026, 5025, 5019, 5008, 5002, 5001)
(11603, 88, 5023, 5029, 5040, 5046, 5047, 5048, 5054)
(11604, 94, 5032, 5043, 5054)
(11605, 211, 5004, 5009, 5020, 5025, 5030, 5041, 5046, 5045, 5044)
(11606, 56, 5028, 5017, 5011, 5005)
(11607, 95, 5032, 5043, 5054)
(11608, 26, 5039, 5028, 5017)
(11609, 31, 5049, 5038, 5033, 5028, 5017, 5012, 5013, 5008, 5003, 5004)
(11610, 91, 5023, 5029, 5040, 5046, 5052, 5058)
(11611, 229, 5030, 5019, 5008, 5002)
(11612, 164, 5047, 5041, 5030, 5019, 5008)
(11613, 229, 5030, 5019, 5008, 5002)
(11614, 249, 5030, 5041, 5052)
(11615, 66, 5021, 5032, 5043, 5048, 5047, 5052)
(11616, 69, 5055, 5056, 5057, 5052, 5041, 5030, 5019)
(11617, 74, 5053, 5047, 5041, 5030, 5024, 5018, 5012)
(11618, 105, 5056, 5057, 5052, 5041, 5030, 5019, 5008, 5003, 5004)
(11619, 1, 5059, 5054, 5043, 5032, 5021, 5010)
(11620, 27, 5038, 5033, 5028, 5017, 5006)
(11621, 12, 5017, 5028, 5039, 5050)
(11622, 120, 5006, 5012, 5013, 5019, 5030, 5041, 5047, 5048)
(11623, 166, 5013, 5019, 5030, 5041, 5047, 5048)
(11624, 1, 5044, 5045, 5046, 5041, 5030, 5019, 5008)
(11625, 27, 5028, 5017, 5006)
(11626, 35, 5031, 5025, 5019, 5008, 5002)
(11627, 13, 5053, 5042, 5031)
(11628, 87, 5029, 5040, 5046, 5047, 5053)
(11629, 229, 5019, 5030, 5041, 5047, 5048, 5054)
(11630, 37, 5044, 5038, 5027, 5016, 5005)
(11631, 166, 5011, 5012, 5013, 5019, 5030, 5041, 5047, 5053)
(11632, 120, 5006, 5012, 5013, 5019, 5030, 5041, 5047, 5048)
(11633, 249, 5030, 5041, 5047, 5048, 5054)
(11634, 3, 5028, 5039, 5050, 5056)
(11635, 78, 5020, 5031, 5042, 5048, 5054)
(11636, 8, 5049, 5038, 5033, 5028, 5017)
(11637, 19, 5056, 5051, 5040, 5029, 5018, 5007)
(11638, 95, 5032, 5043, 5054)
(11639, 98, 5032, 5043, 5054)
(11640, 35, 5040, 5029, 5023, 5017)
(11641, 98, 5032, 5043, 5054)
(11642, 63, 5031, 5042, 5053)
(11643, 61, 5004, 5009, 5020, 5031, 5042)
(11644, 24, 5027, 5038, 5049)
(11645, 182, 5048, 5047, 5041, 5030, 5024, 5018, 5012)
(11646, 75, 5029, 5018, 5012, 5011, 5005)
(11647, 75, 5029, 5040, 5051, 5057, 5058)
(11648, 2, 5057, 5056, 5050, 5044, 5038, 5027, 5016, 5005)
(11649, 185, 5048, 5047, 5041, 5030, 5019)
(11650, 24, 5050, 5044, 5038, 5027)
(11651, 99, 5032, 5043, 5054)
(11652, 166, 5007, 5013, 5019, 5030, 5041, 5047, 5048, 5054)
(11653, 164, 5051, 5046, 5041, 5030, 5019, 5008, 5003)
(11654, 107, 5020, 5031, 5042, 5047, 5052)
(11655, 39, 5038, 5033, 5028, 5017, 5012, 5013, 5008, 5003)
(11656, 164, 5047, 5041, 5030, 5019)
(11657, 229, 5019, 5030, 5041, 5047, 5048, 5054)
(11658, 35, 5057, 5051, 5040, 5029, 5023, 5017)
(11659, 47, 5021, 5032, 5043, 5048, 5053)
(11660, 164, 5051, 5046, 5041, 5030, 5019, 5014, 5015)
(11661, 164, 5045, 5046, 5041, 5030, 5019, 5008, 5003, 5004)
(11662, 167, 5005, 5011, 5012, 5013, 5019, 5030, 5041)
(11663, 66, 5021, 5032, 5043, 5048, 5047, 5052)
(11664, 63, 5031, 5042, 5048, 5054)
(11665, 164, 5047, 5041, 5030, 5024, 5018)
(11666, 1, 5028, 5039, 5050, 5056)
(11667, 136, 5052, 5041, 5030, 5019, 5014)
(11668, 63, 5027, 5016, 5005)
(11669, 37, 5018, 5029, 5040)
(11670, 212, 5004, 5003, 5008, 5019, 5030, 5041, 5052, 5057, 5056, 5055)
(11671, 166, 5013, 5019, 5030, 5041, 5052)
(11672, 99, 5032, 5043, 5054)
(11673, 47, 5021, 5032, 5043, 5054)
(11674, 37, 5032, 5021, 5010)
(11675, 137, 5052, 5041, 5030, 5019, 5008, 5003, 5004)
(11676, 1, 5017, 5028, 5039, 5050)
(11677, 21, 5043, 5032, 5021, 5015)
(11678, 232, 5030, 5019, 5008)
(11679, 137, 5052, 5041, 5030, 5019)
(11680, 166, 5008, 5019, 5030, 5041, 5046, 5051)
(11681, 53, 5006, 5012, 5013, 5019, 5030, 5036, 5037)
(11682, 76, 5029, 5035, 5041, 5047, 5048, 5054)
(11683, 75, 5029, 5018, 5012, 5011, 5005)
(11684, 1, 5012, 5013, 5019, 5030, 5041, 5047)
(11685, 1, 5018, 5029, 5040)
(11686, 37, 5058, 5057, 5056, 5050, 5044, 5038, 5027, 5016, 5005)
(11687, 47, 5021, 5032, 5043)
(11688, 60, 5015, 5020, 5031, 5036, 5041, 5052, 5057)
(11689, 47, 5010, 5021, 5032)
(11690, 212, 5004, 5003, 5008, 5019, 5030, 5041, 5052)
(11691, 56, 5031, 5025, 5024, 5018, 5012, 5011, 5005)
(11692, 206, 5041, 5030, 5019, 5008, 5002, 5001)
(11693, 2, 5017, 5028, 5033, 5038, 5049)
(11694, 180, 5045, 5046, 5041, 5030, 5019, 5008, 5003, 5004)
(11695, 33, 5027, 5038, 5044, 5050, 5056, 5057, 5058)
(11696, 229, 5019, 5030, 5041, 5052)
(11697, 83, 5023, 5029, 5035, 5041, 5047, 5048, 5054)
(11698, 36, 5005, 5011, 5017, 5023, 5029)
(11699, 76, 5029, 5040, 5051)
(11700, 166, 5008, 5019, 5030, 5041, 5052, 5057, 5056, 5055)
(11701, 66, 5021, 5032, 5043, 5048, 5047, 5052, 5057, 5056)
(11702, 63, 5031, 5042, 5053)
(11703, 180, 5051, 5046, 5041, 5030, 5019, 5014, 5015)
(11704, 19, 5049, 5038, 5027)
(11705, 182, 5046, 5041, 5030, 5019, 5008)
(11706, 91, 5023, 5029, 5040, 5051, 5057)
(11707, 83, 5029, 5035, 5041, 5047, 5048, 5054)
(11708, 7, 5005, 5016, 5027, 5038, 5049)
(11709, 40, 5038, 5033, 5028, 5017, 5012, 5013, 5008)
(11710, 164, 5052, 5041, 5030, 5019, 5008, 5003)
(11711, 63, 5027, 5016, 5005)
(11712, 4, 5050, 5039, 5028, 5017, 5006)
(11713, 166, 5013, 5019, 5030, 5041, 5047, 5053)
(11714, 167, 5008, 5019, 5030, 5041, 5046)
(11715, 167, 5005, 5011, 5012, 5013, 5019, 5030, 5041, 5047, 5053)
(11716, 46, 5051, 5040, 5029, 5018)
(11717, 21, 5043, 5032, 5021, 5010)
(11718, 230, 5019, 5030, 5041, 5047, 5048)
(11719, 100, 5032, 5043, 5054)
(11720, 166, 5011, 5012, 5013, 5019, 5030, 5041, 5047, 5048)
(11721, 60, 5015, 5020, 5031, 5036, 5041, 5052, 5057, 5056)
(11722, 206, 5041, 5030, 5024, 5018)
(11723, 2, 5044, 5045, 5046, 5041, 5030, 5019, 5008, 5003, 5004)
(11724, 53, 5006, 5012, 5013, 5019, 5030)
(11725, 19, 5057, 5051, 5040, 5029, 5018)
(11726, 62, 5032, 5026, 5025, 5019, 5008)
(11727, 4, 5059, 5054, 5043, 5032, 5021, 5010)
(11728, 66, 5032, 5026, 5025, 5024, 5023, 5017, 5011, 5005)
(11729, 52, 5007, 5013, 5019, 5030)
(11730, 1, 5026, 5032, 5043, 5054)
(11731, 35, 5031, 5025, 5019, 5008, 5002)
(11732, 1, 5054, 5043, 5032, 5021, 5010)
(11733, 35, 5051, 5040, 5029, 5023)
(11734, 1, 5056, 5050, 5044, 5038, 5027, 5016)
(11735, 83, 5029, 5035, 5041, 5047, 5048, 5054)
(11736, 63, 5027, 5016, 5005)
(11737, 70, 5031, 5042, 5048, 5054)
(11738, 120, 5023, 5029, 5035, 5041, 5052, 5058)
(11739, 37, 5032, 5021, 5010, 5004)
(11740, 167, 5011, 5012, 5013, 5019, 5030, 5041, 5047, 5048, 5054)
(11741, 28, 5038, 5033, 5028, 5017, 5006)
(11742, 43, 5032, 5021, 5010)
(11743, 27, 5028, 5017, 5006)
(11744, 56, 5028, 5017, 5011, 5005)
(11745, 1, 5012, 5013, 5019, 5030, 5041, 5047, 5048)
(11746, 13, 5005, 5011, 5017, 5028, 5039)
(11747, 53, 5005, 5011, 5012, 5013, 5019, 5030)
(11748, 168, 5005, 5011, 5012, 5013, 5019, 5030, 5041, 5052)
(11749, 250, 5030, 5041, 5047, 5048, 5054)
(11750, 70, 5031, 5042, 5053)
(11751, 47, 5020, 5026, 5032, 5043, 5054)
(11752, 166, 5013, 5019, 5030, 5041, 5052)
(11753, 56, 5028, 5017, 5011, 5005)
(11754, 13, 5005, 5011, 5017, 5028, 5039, 5050)
(11755, 78, 5020, 5031, 5042)
(11756, 66, 5032, 5026, 5025, 5019, 5008)
(11757, 213, 5004, 5003, 5008, 5019, 5030, 5041, 5046, 5045, 5044)
(11758, 232, 5030, 5019, 5008, 5002, 5001)
(11759, 164, 5047, 5041, 5030, 5024, 5018, 5012)
(11760, 164, 5047, 5041, 5030, 5019, 5014)
(11761, 230, 5019, 5030, 5041, 5047, 5048)
(11762, 74, 5053, 5047, 5041, 5030, 5019)
(11763, 2, 5057, 5056, 5050, 5044, 5038, 5027, 5016)
(11764, 250, 5030, 5041, 5047, 5048, 5054)
(11765, 185, 5048, 5047, 5041, 5030, 5019, 5008, 5002, 5001)
(11766, 28, 5028, 5017, 5006)
(11767, 213, 5004, 5003, 5008, 5019, 5030, 5041, 5046, 5045, 5044)
(11768, 53, 5005, 5011, 5012, 5013, 5019, 5030, 5036, 5037)
(11769, 46, 5051, 5040, 5029, 5018, 5007)
(11770, 24, 5027, 5038, 5049)
(11771, 229, 5004, 5009, 5020, 5025, 5030, 5041, 5046, 5045)
(11772, 13, 5017, 5022, 5027, 5038, 5049)
(11773, 78, 5009, 5020, 5031, 5042)
(11774, 167, 5008, 5019, 5030, 5041, 5052, 5057, 5056, 5055)
(11775, 233, 5030, 5019, 5008, 5002, 5001)
(11776, 91, 5023, 5029, 5040, 5046, 5047, 5048, 5054)
(11777, 56, 5031, 5025, 5024, 5023, 5017, 5011, 5005)
(11778, 164, 5052, 5041, 5030, 5019, 5008, 5002)
(11779, 1, 5012, 5017, 5022, 5027, 5038, 5049)
(11780, 53, 5058, 5052, 5041, 5030)
(11781, 53, 5008, 5019, 5030, 5036)
(11782, 186, 5048, 5047, 5041, 5030, 5024, 5018, 5012, 5011, 5005)
(11783, 87, 5029, 5040, 5046, 5047, 5053)
(11784, 100, 5032, 5043, 5054)
(11785, 70, 5031, 5042, 5048, 5054)
(11786, 106, 5059, 5058, 5052, 5041, 5030, 5019, 5008)
(11787, 91, 5023, 5029, 5040, 5051)
(11788, 233, 5030, 5019, 5008, 5002)
(11789, 56, 5028, 5017, 5011, 5005)
(11790, 28, 5028, 5017, 5006)
(11791, 21, 5043, 5032, 5021, 5010)
(11792, 120, 5012, 5013, 5019, 5030, 5041, 5047, 5053)
(11793, 229, 5004, 5003, 5008, 5019, 5030, 5041, 5052)
(11794, 230, 5019, 5030, 5041, 5052, 5057, 5056)
(11795, 14, 5005, 5011, 5017, 5028, 5039, 5050)
(11796, 35, 5040, 5029, 5023, 5017)
(11797, 234, 5030, 5019, 5008, 5002)
(11798, 180, 5052, 5041, 5030, 5019, 5008, 5002, 5001)
(11799, 251, 5030, 5041, 5047, 5048, 5054)
(11800, 46, 5040, 5029, 5018, 5007)
(11801, 180, 5045, 5046, 5041, 5030, 5019, 5008, 5003, 5004)
(11802, 35, 5031, 5025, 5019, 5008)
(11803, 120, 5009, 5020, 5025, 5030, 5041, 5052, 5057, 5056, 5055)
(11804, 166, 5013, 5019, 5030, 5041)
(11805, 46, 5040, 5029, 5023, 5017, 5006)
(11806, 61, 5015, 5020, 5031, 5042, 5047, 5052)
(11807, 207, 5041, 5030, 5019, 5008, 5003, 5004)
(11808, 66, 5032, 5026, 5025, 5019, 5008, 5002)
(11809, 207, 5041, 5030, 5019, 5008, 5002)
(11810, 167, 5008, 5019, 5030, 5041, 5046, 5051, 5056, 5055)
(11811, 120, 5012, 5013, 5019, 5030, 5041, 5047, 5048, 5054)
(11812, 74, 5053, 5047, 5041, 5030, 5019, 5008, 5002)
(11813, 229, 5004, 5003, 5008, 5019, 5030, 5041, 5046, 5045)
(11814, 78, 5031, 5042, 5053)
(11815, 1, 5044, 5038, 5027, 5016)
(11816, 186, 5048, 5047, 5041, 5030, 5019, 5008, 5002)
(11817, 251, 5030, 5041, 5052, 5058)
(11818, 96, 5023, 5029, 5040, 5051)
(11819, 2, 5026, 5032, 5043, 5054)
(11820, 217, 5041, 5030, 5024, 5018, 5012, 5011)
(11821, 35, 5031, 5025, 5019, 5008, 5002, 5001)
(11822, 255, 5030, 5041, 5047, 5053)
(11823, 75, 5020, 5031, 5036, 5041, 5052, 5057, 5056, 5055)
(11824, 1, 5028, 5039, 5050)
(11825, 47, 5021, 5032, 5043)
(11826, 105, 5056, 5057, 5052, 5041, 5030, 5019, 5008, 5003, 5004)
(11827, 46, 5051, 5040, 5029, 5018)
(11828, 203, 5048, 5047, 5041, 5030, 5024, 5018, 5012)
(11829, 26, 5039, 5028, 5017)
(11830, 24, 5050, 5044, 5038, 5027)
(11831, 255, 5030, 5041, 5047, 5048, 5054)
(11832, 167, 5008, 5019, 5030, 5041)
(11833, 38, 5059, 5058, 5057, 5056, 5050, 5044, 5038, 5027, 5016, 5005)
(11834, 61, 5015, 5020, 5031, 5042, 5047, 5046, 5051)
(11835, 37, 5005, 5011, 5017, 5023, 5029)
(11836, 167, 5011, 5012, 5013, 5019, 5030, 5041)
(11837, 101, 5032, 5043, 5054)
(11838, 120, 5012, 5013, 5019, 5030, 5041, 5047, 5048)
(11839, 28, 5028, 5017, 5006)
(11840, 2, 5054, 5048, 5047, 5041, 5030, 5024, 5018)
(11841, 217, 5041, 5030, 5019, 5008, 5003)
(11842, 79, 5009, 5020, 5031, 5042, 5053)
(11843, 56, 5028, 5017, 5011, 5005)
(11844, 36, 5031, 5025, 5019, 5008, 5003)
(11845, 3, 5028, 5039, 5050)
(11846, 255, 5030, 5041, 5052)
(11847, 36, 5031, 5025, 5019, 5008, 5002)
(11848, 47, 5021, 5032, 5043, 5054)
(11849, 24, 5043, 5032, 5021, 5010)
(11850, 28, 5007, 5018, 5029, 5040)
(11851, 101, 5032, 5043, 5054)
(11852, 104, 5032, 5043, 5054)
(11853, 180, 5051, 5046, 5041, 5030, 5019, 5008, 5003, 5004)
(11854, 34, 5027, 5038, 5044, 5050, 5056, 5057)
(11855, 180, 5052, 5041, 5030, 5019, 5008, 5002, 5001)
(11856, 24, 5027, 5038, 5049)
(11857, 36, 5031, 5025, 5019, 5008, 5002, 5001)
(11858, 1, 5018, 5029, 5040)
(11859, 60, 5015, 5020, 5031, 5036, 5041, 5052)
(11860, 104, 5032, 5043, 5054)
(11861, 105, 5056, 5057, 5052, 5041, 5030, 5019, 5008)
(11862, 47, 5010, 5021, 5032, 5043, 5048, 5053)
(11863, 36, 5031, 5025, 5019, 5008, 5002, 5001)
(11864, 34, 5027, 5038, 5044, 5050, 5056, 5057)
(11865, 168, 5005, 5011, 5012, 5013, 5019, 5030, 5041)
(11866, 234, 5030, 5019, 5008)
(11867, 24, 5027, 5038, 5049)
(11868, 218, 5041, 5030, 5019)
(11869, 167, 5007, 5013, 5019, 5030, 5041)
(11870, 26, 5039, 5028, 5017)
(11871, 29, 5043, 5032, 5021, 5010)
(11872, 75, 5053, 5047, 5041, 5030, 5019, 5008, 5002, 5001)
(11873, 104, 5032, 5043, 5054)
(11874, 37, 5005, 5011, 5017, 5023, 5029)
(11875, 2, 5017, 5028, 5039, 5050, 5056)
(11876, 164, 5047, 5041, 5030, 5019, 5008, 5002, 5001)
(11877, 230, 5019, 5030, 5041, 5052, 5057, 5056, 5055)
(11878, 38, 5031, 5025, 5019, 5008, 5002)
(11879, 55, 5009, 5020, 5031)
(11880, 180, 5052, 5041, 5030, 5019, 5008, 5002)
(11881, 63, 5027, 5016, 5005)
(11882, 53, 5006, 5012, 5013, 5019, 5030)
(11883, 164, 5047, 5041, 5030, 5024, 5023, 5017, 5011, 5005)
(11884, 203, 5048, 5047, 5041, 5030, 5019, 5008)
(11885, 43, 5032, 5021, 5015, 5009)
(11886, 235, 5030, 5024, 5023, 5017, 5011, 5005)
(11887, 47, 5051, 5040, 5029, 5018, 5007)
(11888, 56, 5031, 5025, 5024, 5023, 5017, 5011, 5005)
(11889, 54, 5059, 5058, 5052, 5041, 5030)
(11890, 235, 5030, 5019, 5008, 5002, 5001)
(11891, 2, 5054, 5048, 5047, 5041, 5030, 5024, 5023, 5017, 5011, 5005)
(11892, 38, 5031, 5025, 5019, 5008, 5002, 5001)
(11893, 66, 5032, 5026, 5025, 5019, 5008)
(11894, 47, 5010, 5021, 5032, 5043)
(11895, 1, 5015, 5020, 5031, 5042, 5053)
(11896, 78, 5020, 5031, 5042, 5048, 5054)
(11897, 3, 5056, 5050, 5044, 5038, 5027, 5016)
(11898, 168, 5008, 5019, 5030, 5041, 5046, 5051, 5056, 5055)
(11899, 67, 5032, 5026, 5025, 5024, 5023, 5017, 5011, 5005)
(11900, 203, 5048, 5047, 5041, 5030, 5019, 5008, 5003)
(11901, 164, 5047, 5041, 5030, 5019, 5008, 5002)
(11902, 47, 5051, 5040, 5029, 5023, 5017, 5006)
(11903, 120, 5006, 5012, 5013, 5019, 5030, 5041, 5047, 5048, 5054)
(11904, 58, 5009, 5020, 5025, 5030, 5041, 5046)
(11905, 4, 5052, 5047, 5048, 5043, 5032, 5021)
(11906, 211, 5005, 5011, 5012, 5013, 5019, 5030, 5041, 5052)
(11907, 105, 5032, 5043, 5054)
(11908, 67, 5032, 5026, 5025, 5019, 5008, 5002, 5001)
(11909, 107, 5020, 5031, 5042, 5047, 5052)
(11910, 63, 5027, 5016, 5005)
(11911, 37, 5018, 5029, 5040)
(11912, 59, 5029, 5018, 5007)
(11913, 78, 5020, 5031, 5042, 5048)
(11914, 230, 5019, 5030, 5041, 5047, 5048, 5054)
(11915, 238, 5030, 5019, 5008)
(11916, 206, 5048, 5047, 5041, 5030, 5024, 5018, 5012)
(11917, 182, 5046, 5041, 5030, 5019, 5008)
(11918, 13, 5006, 5017, 5022, 5027, 5038)
(11919, 67, 5032, 5026, 5025, 5019, 5008, 5002, 5001)
(11920, 58, 5009, 5020, 5025, 5030, 5041)
(11921, 203, 5046, 5041, 5030, 5019, 5008, 5003)
(11922, 28, 5038, 5033, 5028, 5017, 5006)
(11923, 53, 5007, 5013, 5019, 5030, 5036)
(11924, 34, 5027, 5038, 5044, 5050, 5056)
(11925, 105, 5032, 5043, 5054)
(11926, 230, 5019, 5030, 5041, 5047, 5053)
(11927, 13, 5053, 5042, 5031)
(11928, 29, 5043, 5032, 5021, 5015)
(11929, 106, 5032, 5043, 5054)
(11930, 83, 5029, 5035, 5041, 5047, 5048, 5054)
(11931, 78, 5020, 5031, 5042, 5048, 5054)
(11932, 238, 5030, 5019, 5008)
(11933, 88, 5029, 5040, 5051)
(11934, 24, 5056, 5050, 5044, 5038, 5027)
(11935, 120, 5012, 5013, 5019, 5030, 5041, 5047, 5048)
(11936, 63, 5028, 5017, 5011, 5005)
(11937, 47, 5009, 5020, 5026, 5032, 5043)
(11938, 38, 5031, 5025, 5019, 5008, 5002, 5001)
(11939, 24, 5027, 5038, 5049)
(11940, 38, 5031, 5025, 5019, 5008, 5002)
(11941, 37, 5049, 5038, 5027, 5016, 5005)
(11942, 120, 5003, 5008, 5019, 5030, 5041, 5052, 5057, 5056)
(11943, 37, 5056, 5050, 5044, 5038, 5027, 5016, 5005)
(11944, 63, 5028, 5017, 5011, 5005)
(11945, 53, 5008, 5019, 5030)
(11946, 43, 5032, 5021, 5010)
(11947, 231, 5019, 5030, 5041, 5047, 5048, 5054)
(11948, 88, 5029, 5040, 5051)
(11949, 14, 5005, 5011, 5017, 5028, 5039, 5050)
(11950, 180, 5047, 5041, 5030, 5019, 5008, 5002)
(11951, 91, 5029, 5040, 5046, 5047, 5053)
(11952, 83, 5020, 5031, 5042)
(11953, 69, 5032, 5026, 5025, 5019, 5008)
(11954, 230, 5004, 5003, 5008, 5019, 5030, 5041, 5052, 5057)
(11955, 69, 5032, 5026, 5025, 5019, 5008)
(11956, 19, 5059, 5058, 5057, 5056, 5050, 5039, 5028)
(11957, 91, 5029, 5040, 5051)
(11958, 83, 5020, 5031, 5042, 5048, 5054)
(11959, 28, 5006, 5017, 5023, 5029)
(11960, 47, 5021, 5032, 5043)
(11961, 105, 5056, 5057, 5052, 5041, 5030, 5019)
(11962, 168, 5008, 5019, 5030, 5041, 5047)
(11963, 181, 5051, 5046, 5041, 5030, 5019)
(11964, 47, 5010, 5021, 5032, 5043, 5048)
(11965, 166, 5012, 5013, 5019, 5030, 5041, 5047)
(11966, 167, 5011, 5012, 5013, 5019, 5030, 5041, 5047, 5048)
(11967, 231, 5019, 5030, 5041, 5047, 5048)
(11968, 218, 5041, 5030, 5019, 5008, 5003, 5004)
(11969, 38, 5059, 5058, 5057, 5056, 5050, 5044, 5038, 5027, 5016, 5005)
(11970, 231, 5019, 5030, 5041, 5052)
(11971, 231, 5019, 5030, 5041)
(11972, 7, 5054, 5043, 5032, 5021, 5015)
(11973, 75, 5053, 5047, 5041, 5030)
(11974, 238, 5030, 5024, 5023, 5017, 5011, 5005)
(11975, 83, 5020, 5031, 5042, 5048)
(11976, 43, 5032, 5021, 5010)
(11977, 7, 5056, 5057, 5052, 5047, 5048, 5043, 5032, 5021)
(11978, 13, 5006, 5017, 5022, 5027, 5038, 5049)
(11979, 261, 5030, 5041, 5052)
(11980, 26, 5039, 5028, 5017, 5012, 5007)
(11981, 106, 5059, 5058, 5052, 5041, 5030, 5019)
(11982, 69, 5032, 5026, 5025, 5019, 5008)
(11983, 63, 5027, 5016, 5005)
(11984, 38, 5018, 5029, 5040, 5051)
(11985, 180, 5047, 5041, 5030, 5019, 5008, 5002)
(11986, 78, 5031, 5042, 5053)
(11987, 203, 5046, 5041, 5030, 5019, 5008, 5003, 5004)
(11988, 79, 5009, 5020, 5031, 5042, 5048, 5054)
(11989, 180, 5045, 5046, 5041, 5030, 5019, 5008, 5003)
(11990, 78, 5031, 5042, 5053)
(11991, 63, 5027, 5016, 5005)
(11992, 106, 5032, 5043, 5054)
(11993, 92, 5023, 5029, 5040, 5046, 5047, 5048, 5054)
(11994, 12, 5011, 5017, 5028, 5039, 5050)
(11995, 168, 5008, 5019, 5030, 5041, 5046, 5045)
(11996, 206, 5048, 5047, 5041, 5030, 5024, 5018, 5012)
(11997, 167, 5013, 5019, 5030, 5041, 5047, 5048)
(11998, 231, 5019, 5030, 5041)
(11999, 91, 5029, 5040, 5046, 5047, 5048, 5054)
(12000, 180, 5047, 5041, 5030, 5019, 5008, 5002, 5001)
(12001, 261, 5030, 5041, 5047, 5048, 5054)
(12002, 2, 5012, 5017, 5022, 5027, 5038, 5049)
(12003, 261, 5030, 5041, 5052, 5058)
(12004, 28, 5028, 5017, 5006)
(12005, 28, 5007, 5018, 5029, 5034, 5033, 5038)
(12006, 231, 5019, 5030, 5041, 5047, 5048, 5054)
(12007, 47, 5021, 5032, 5043, 5054)
(12008, 120, 5006, 5012, 5013, 5019, 5030, 5041, 5052, 5057)
(12009, 207, 5048, 5047, 5041, 5030, 5024, 5018)
(12010, 38, 5031, 5025, 5019, 5008, 5003)
(12011, 1, 5055, 5056, 5057, 5052, 5041, 5030, 5019, 5008)
(12012, 75, 5053, 5047, 5041, 5030, 5019, 5008, 5003)
(12013, 262, 5030, 5041, 5047, 5048, 5054)
(12014, 54, 5005, 5011, 5012, 5013, 5019, 5030)
(12015, 69, 5055, 5056, 5057, 5052, 5041, 5030, 5019, 5008, 5003, 5004)
(12016, 55, 5059, 5058, 5052, 5041, 5030, 5024, 5023)
(12017, 19, 5058, 5057, 5051, 5040, 5029)
(12018, 39, 5031, 5025, 5019, 5008, 5003)
(12019, 76, 5029, 5018, 5012, 5011, 5005)
(12020, 34, 5027, 5038, 5044, 5050, 5056, 5057, 5058)
(12021, 60, 5029, 5018, 5012, 5006)
(12022, 1, 5055, 5056, 5057, 5052, 5041, 5030, 5019, 5008)
(12023, 70, 5032, 5026, 5025, 5019, 5008, 5002)
(12024, 180, 5045, 5046, 5041, 5030, 5019, 5008, 5003)
(12025, 83, 5020, 5031, 5042, 5053)
(12026, 15, 5005, 5011, 5017, 5028, 5039, 5050)
(12027, 13, 5006, 5017, 5028, 5039)
(12028, 39, 5059, 5058, 5057, 5056, 5050, 5044, 5038, 5027, 5016)
(12029, 8, 5049, 5038, 5033, 5028, 5017, 5006)
(12030, 166, 5006, 5012, 5013, 5019, 5030, 5041, 5047)
(12031, 83, 5029, 5035, 5041, 5047, 5048, 5054)
(12032, 39, 5031, 5025, 5019, 5008, 5002, 5001)
(12033, 15, 5005, 5011, 5017, 5028, 5039, 5050)
(12034, 167, 5013, 5019, 5030, 5041, 5052, 5057, 5056)
(12035, 60, 5029, 5018, 5012, 5006)
(12036, 3, 5028, 5039, 5050, 5056)
(12037, 105, 5056, 5057, 5052, 5041, 5030, 5019, 5008, 5003, 5004)
(12038, 83, 5020, 5031, 5042, 5053)
(12039, 39, 5031, 5025, 5019, 5008, 5002, 5001)
(12040, 248, 5019, 5030, 5041, 5052, 5058)
(12041, 96, 5029, 5040, 5051, 5057)
(12042, 63, 5028, 5017, 5011, 5005)
(12043, 166, 5003, 5008, 5019, 5030, 5041, 5052, 5057)
(12044, 180, 5052, 5041, 5030, 5019, 5008, 5002, 5001)
(12045, 248, 5019, 5030, 5041, 5052)
(12046, 38, 5005, 5011, 5017, 5023, 5029, 5040)
(12047, 63, 5028, 5017, 5011, 5005)