(10000, 10, 5017, 5028, 5039, 5050)
(10001, 19, 5018, 5029, 5035, 5036, 5042)
(10002, 19, 5018, 5029, 5040, 5051, 5056)
(10003, 14, 5017, 5023, 5024, 5030, 5041, 5052, 5058)
(10004, 1, 5008, 5019, 5030, 5036)
(10005, 7, 5001, 5007, 5018, 5029, 5040, 5051, 5057, 5058)
(10006, 1, 5008, 5019, 5030, 5036, 5042)
(10007, 4, 5056, 5051, 5040, 5029, 5024, 5019, 5008, 5003, 5004)
(10008, 10, 5039, 5028, 5022, 5016, 5005)
(10009, 8, 5008, 5019, 5030, 5041, 5047)
(10010, 6, 5040, 5029, 5024, 5019, 5008)
(10011, 29, 5019, 5024, 5029, 5040, 5051, 5056, 5055)
(10012, 10, 5022, 5028, 5039, 5045, 5051)
(10013, 1, 5005, 5011, 5017, 5023, 5029, 5035, 5036, 5042)
(10014, 25, 5032, 5026, 5025, 5024, 5023, 5017, 5011, 5005)
(10015, 20, 5016, 5027, 5038)
(10016, 6, 5041, 5030, 5024, 5023, 5017, 5011)
(10017, 9, 5031, 5025, 5019, 5008)
(10018, 23, 5022, 5028, 5039, 5050)
(10019, 33, 5011, 5017, 5023, 5029, 5035, 5041, 5047)
(10020, 12, 5020, 5031, 5042, 5048)
(10021, 37, 5027, 5038, 5049)
(10022, 14, 5017, 5023, 5024, 5030, 5036, 5042)
(10023, 4, 5005, 5016, 5027, 5038)
(10024, 6, 5041, 5030, 5019, 5008)
(10025, 43, 5030, 5024, 5018, 5007)
(10026, 1, 5030, 5024, 5018, 5007, 5001, 5000)
(10027, 35, 5016, 5022, 5023, 5029, 5040, 5051, 5057)
(10028, 15, 5057, 5051, 5040, 5029)
(10029, 1, 5022, 5023, 5029, 5035, 5041, 5052, 5058)
(10030, 17, 5002, 5007, 5018, 5029, 5040)
(10031, 96, 5029, 5040, 5051, 5057, 5058)
(10032, 1, 5025, 5026, 5032, 5043, 5054)
(10033, 5, 5038, 5027, 5022, 5017, 5006)
(10034, 17, 5047, 5041, 5030, 5024, 5018, 5007, 5001)
(10035, 96, 5029, 5040, 5051)
(10036, 13, 5038, 5027, 5022, 5023, 5018, 5007, 5002)
(10037, 4, 5047, 5041, 5030, 5024, 5018)
(10038, 7, 5021, 5026, 5025, 5024, 5029, 5040, 5051, 5056, 5055)
(10039, 24, 5050, 5039, 5028, 5017)
(10040, 135, 5019, 5024, 5029, 5040, 5051, 5056)
(10041, 10, 5021, 5032, 5043, 5054)
(10042, 1, 5055, 5056, 5051, 5040, 5029, 5024, 5019)
(10043, 9, 5051, 5040, 5029, 5024, 5025, 5026, 5021)
(10044, 1, 5036, 5030, 5024, 5018, 5007, 5001)
(10045, 7, 5053, 5042, 5031, 5025, 5019)
(10046, 187, 5030, 5041, 5052)
(10047, 19, 5018, 5029, 5040, 5051, 5056)
(10048, 191, 5030, 5041, 5052)
(10049, 135, 5019, 5025, 5026, 5032, 5043, 5054)
(10050, 420, 5025, 5026, 5032, 5043, 5054)
(10051, 61, 5028, 5039, 5050, 5056)
(10052, 7, 5058, 5057, 5051, 5040, 5029, 5023, 5017)
(10053, 10, 5001, 5007, 5018, 5024, 5025, 5026, 5032, 5043)
(10054, 10, 5040, 5029, 5023, 5022, 5016)
(10055, 1, 5001, 5007, 5018, 5029, 5035, 5036)
(10056, 25, 5007, 5018, 5024, 5025, 5026, 5032)
(10057, 6, 5041, 5030, 5019)
(10058, 16, 5040, 5029, 5023, 5017)
(10059, 37, 5022, 5023, 5029, 5040, 5051)
(10060, 12, 5054, 5043, 5032, 5026, 5025, 5019, 5008)
(10061, 19, 5026, 5031, 5042, 5053, 5059)
(10062, 4, 5003, 5002, 5007, 5018, 5023, 5022, 5027, 5038)
(10063, 59, 5030, 5019, 5008)
(10064, 12, 5020, 5031, 5042, 5048)
(10065, 10, 5005, 5016, 5027, 5038, 5049)
(10066, 5, 5052, 5041, 5036, 5031, 5026, 5021)
(10067, 1, 5021, 5032, 5043)
(10068, 19, 5026, 5031, 5042, 5053, 5059)
(10069, 41, 5043, 5032, 5021, 5010)
(10070, 16, 5040, 5029, 5018, 5007, 5001)
(10071, 422, 5025, 5026, 5032, 5043, 5054)
(10072, 3, 5052, 5041, 5030, 5019)
(10073, 1, 5029, 5018, 5007, 5001)
(10074, 16, 5054, 5048, 5047, 5041, 5030, 5024, 5018, 5007, 5001, 5000)
(10075, 7, 5028, 5017, 5006)
(10076, 1, 5023, 5029, 5035, 5041, 5052)
(10077, 17, 5017, 5023, 5029, 5035, 5041)
(10078, 9, 5053, 5042, 5031, 5025, 5019, 5008)
(10079, 7, 5010, 5021, 5032, 5043, 5054)
(10080, 17, 5039, 5028, 5017, 5011, 5005)
(10081, 96, 5029, 5040, 5051)
(10082, 25, 5007, 5018, 5023, 5028, 5039, 5044)
(10083, 12, 5003, 5002, 5007, 5018, 5029, 5040)
(10084, 23, 5012, 5017, 5028, 5039, 5050, 5055)
(10085, 9, 5051, 5040, 5029, 5023, 5022, 5016, 5005)
(10086, 25, 5032, 5021, 5010)
(10087, 19, 5054, 5043, 5032, 5026, 5025)
(10088, 4, 5054, 5043, 5032, 5021, 5010, 5004)
(10089, 9, 5053, 5042, 5036, 5030)
(10090, 4, 5027, 5016, 5005)
(10091, 15, 5021, 5026, 5031, 5036, 5041, 5052)
(10092, 37, 5021, 5026, 5025, 5024, 5029, 5040, 5051)
(10093, 9, 5058, 5057, 5051, 5040, 5029, 5023)
(10094, 9, 5058, 5057, 5051, 5040, 5029)
(10095, 16, 5041, 5030, 5019, 5008, 5003)
(10096, 50, 5016, 5027, 5038)
(10097, 45, 5028, 5017, 5006)
(10098, 1, 5016, 5027, 5038, 5049)
(10099, 24, 5050, 5039, 5028, 5017, 5012, 5013, 5008, 5003, 5004)
(10100, 17, 5038, 5027, 5022, 5023, 5018, 5007, 5002, 5003)
(10101, 54, 5018, 5029, 5040, 5051)
(10102, 102, 5043, 5032, 5026, 5025, 5024, 5018)
(10103, 1, 5050, 5039, 5028, 5023, 5024, 5019, 5008, 5003, 5004)
(10104, 154, 5023, 5024, 5030, 5041, 5052)
(10105, 25, 5057, 5051, 5040, 5029, 5023, 5017, 5011)
(10106, 54, 5018, 5029, 5035, 5041, 5052)
(10107, 435, 5030, 5036, 5042, 5053)
(10108, 47, 5007, 5018, 5024, 5030, 5041, 5047, 5048, 5054)
(10109, 1, 5039, 5028, 5023, 5024, 5019, 5008, 5003, 5004)
(10110, 7, 5055, 5056, 5051, 5040, 5029, 5024, 5019, 5008, 5003, 5004)
(10111, 1, 5027, 5016, 5005)
(10112, 1, 5004, 5003, 5008, 5019, 5024, 5029, 5040)
(10113, 24, 5050, 5039, 5028, 5017, 5012, 5013)
(10114, 211, 5030, 5024, 5018, 5007, 5001, 5000)
(10115, 11, 5053, 5048, 5043, 5032, 5026)
(10116, 43, 5029, 5018, 5007, 5001)
(10117, 1, 5026, 5032, 5043, 5054)
(10118, 47, 5040, 5029, 5018)
(10119, 12, 5020, 5025, 5024, 5029, 5040, 5051)
(10120, 147, 5019, 5025, 5026, 5032, 5043)
(10121, 11, 5051, 5040, 5029, 5018)
(10122, 54, 5018, 5029, 5035, 5041)
(10123, 22, 5059, 5058, 5057, 5051, 5040, 5029, 5023)
(10124, 19, 5026, 5031, 5042, 5053, 5059)
(10125, 64, 5040, 5029, 5018, 5007, 5001)
(10126, 139, 5043, 5032, 5021)
(10127, 230, 5030, 5024, 5023, 5017, 5011, 5005)
(10128, 6, 5026, 5032, 5043, 5054)
(10129, 54, 5021, 5026, 5025, 5024, 5023, 5028, 5039, 5050, 5055)
(10130, 4, 5047, 5041, 5030, 5019, 5008)
(10131, 16, 5020, 5031, 5042, 5053)
(10132, 154, 5028, 5039, 5050)
(10133, 1, 5029, 5040, 5051, 5057, 5058)
(10134, 1, 5018, 5024, 5030, 5041, 5052)
(10135, 17, 5051, 5040, 5029, 5018, 5013)
(10136, 28, 5054, 5043, 5032, 5021, 5010)
(10137, 7, 5027, 5016, 5005)
(10138, 13, 5006, 5017, 5028, 5039)
(10139, 7, 5010, 5021, 5026, 5025, 5024, 5023, 5022, 5027, 5038)
(10140, 31, 5032, 5043, 5054)
(10141, 4, 5029, 5018, 5007, 5001)
(10142, 25, 5038, 5027, 5022, 5023, 5018, 5007)
(10143, 57, 5021, 5032, 5043, 5048, 5053)
(10144, 3, 5051, 5040, 5029, 5023, 5017, 5011)
(10145, 443, 5030, 5041, 5052, 5058)
(10146, 48, 5052, 5041, 5030, 5019, 5014)
(10147, 16, 5020, 5031, 5042, 5053)
(10148, 252, 5030, 5019, 5008)
(10149, 206, 5029, 5040, 5051)
(10150, 47, 5028, 5017, 5006, 5000)
(10151, 16, 5014, 5019, 5024, 5029, 5040, 5051)
(10152, 452, 5030, 5041, 5052)
(10153, 16, 5014, 5019, 5024, 5023, 5028, 5039, 5050, 5055)
(10154, 61, 5016, 5027, 5038)
(10155, 24, 5050, 5039, 5028, 5017)
(10156, 50, 5051, 5040, 5029, 5024, 5019, 5008, 5003, 5004)
(10157, 156, 5043, 5032, 5026, 5025, 5024, 5018)
(10158, 17, 5039, 5028, 5017, 5012, 5013, 5008, 5003, 5004)
(10159, 116, 5022, 5023, 5029, 5040, 5051)
(10160, 64, 5040, 5029, 5023, 5017, 5011)
(10161, 68, 5011, 5017, 5023, 5029, 5035, 5041)
(10162, 31, 5032, 5043, 5054)
(10163, 11, 5053, 5042, 5031, 5025, 5019)
(10164, 4, 5003, 5008, 5019, 5030, 5041)
(10165, 83, 5021, 5032, 5043, 5048, 5053)
(10166, 9, 5031, 5025, 5019, 5008, 5003)
(10167, 1, 5054, 5043, 5032, 5026, 5025, 5019, 5008)
(10168, 17, 5017, 5028, 5039, 5050, 5055)
(10169, 119, 5022, 5023, 5029, 5040, 5051)
(10170, 147, 5019, 5030, 5041, 5047)
(10171, 4, 5007, 5018, 5023, 5028, 5039)
(10172, 273, 5029, 5040, 5051)
(10173, 201, 5022, 5023, 5029, 5040, 5051, 5057, 5058)
(10174, 268, 5030, 5024, 5018, 5007)
(10175, 160, 5019, 5024, 5029, 5040, 5051, 5056)
(10176, 16, 5041, 5030, 5025, 5026, 5021, 5010)
(10177, 17, 5017, 5023, 5029, 5035, 5041)
(10178, 13, 5055, 5056, 5051, 5040, 5029, 5024, 5025, 5026, 5021)
(10179, 50, 5032, 5043, 5054)
(10180, 4, 5029, 5023, 5017, 5011, 5005)
(10181, 11, 5053, 5048, 5043, 5032, 5021, 5010, 5004)
(10182, 19, 5055, 5050, 5039, 5028, 5017, 5006)
(10183, 83, 5057, 5051, 5040, 5029, 5023, 5017)
(10184, 64, 5040, 5029, 5023, 5017, 5011)
(10185, 50, 5032, 5043, 5054)
(10186, 207, 5022, 5023, 5024, 5025, 5026, 5032, 5043, 5054)
(10187, 1, 5051, 5040, 5029)
(10188, 282, 5030, 5024, 5018, 5007, 5001)
(10189, 164, 5023, 5029, 5035, 5041, 5052)
(10190, 13, 5001, 5007, 5018, 5024, 5025, 5026, 5032)
(10191, 14, 5053, 5048, 5043, 5032, 5021)
(10192, 1, 5043, 5032, 5026, 5025, 5024, 5018, 5007, 5001, 5000)
(10193, 26, 5041, 5030, 5019)
(10194, 165, 5043, 5032, 5021)
(10195, 24, 5055, 5049, 5038, 5027, 5016, 5005)
(10196, 1, 5026, 5032, 5043, 5048, 5053)
(10197, 90, 5021, 5026, 5025, 5030, 5041, 5052)
(10198, 17, 5017, 5023, 5029, 5040)
(10199, 160, 5019, 5030, 5041, 5052, 5058)
(10200, 9, 5036, 5030, 5024, 5023, 5017, 5011, 5005)
(10201, 1, 5028, 5017, 5006)
(10202, 23, 5039, 5028, 5017)
(10203, 1, 5005, 5011, 5017, 5023, 5024, 5025, 5026, 5032)
(10204, 4, 5007, 5018, 5029)
(10205, 39, 5050, 5039, 5028)
(10206, 25, 5055, 5056, 5051, 5040, 5029, 5024, 5025, 5026, 5021)
(10207, 32, 5054, 5043, 5032, 5021, 5015, 5014, 5008)
(10208, 23, 5039, 5028, 5017)
(10209, 47, 5001, 5006, 5017, 5028, 5039, 5050, 5055)
(10210, 68, 5016, 5022, 5023, 5029, 5040, 5051, 5057)
(10211, 26, 5041, 5036, 5031, 5026, 5021, 5010)
(10212, 12, 5004, 5010, 5021, 5032)
(10213, 4, 5005, 5016, 5022, 5023, 5029, 5040, 5051)
(10214, 25, 5032, 5026, 5025, 5024, 5018, 5007, 5001)
(10215, 18, 5003, 5002, 5007, 5018, 5029, 5040, 5051, 5056)
(10216, 7, 5004, 5003, 5008, 5019, 5024, 5023, 5028, 5039)
(10217, 1, 5014, 5019, 5024, 5023, 5028, 5039, 5050, 5055)
(10218, 17, 5047, 5041, 5030, 5024, 5023, 5017, 5011)
(10219, 9, 5010, 5021, 5026, 5025, 5024, 5029, 5040, 5051, 5056, 5055)
(10220, 16, 5020, 5031, 5042, 5053, 5059)
(10221, 39, 5050, 5039, 5028, 5017, 5011)
(10222, 10, 5005, 5011, 5017, 5023, 5024, 5025, 5026, 5032, 5043)
(10223, 199, 5043, 5032, 5026, 5025, 5024, 5018, 5007)
(10224, 98, 5040, 5029, 5018)
(10225, 186, 5023, 5029, 5040, 5051)
(10226, 186, 5028, 5039, 5050)
(10227, 54, 5018, 5029, 5035, 5041, 5052, 5058)
(10228, 39, 5056, 5057, 5052, 5041, 5030, 5019, 5008, 5003)
(10229, 1, 5050, 5039, 5028, 5022, 5016, 5005)
(10230, 205, 5023, 5029, 5040, 5051)
(10231, 7, 5027, 5016, 5005)
(10232, 4, 5048, 5043, 5032, 5021, 5010)
(10233, 31, 5055, 5050, 5039, 5028, 5017, 5011)
(10234, 17, 5003, 5009, 5015, 5021, 5032)
(10235, 205, 5023, 5029, 5040, 5051)
(10236, 43, 5029, 5018, 5007, 5001, 5000)
(10237, 17, 5042, 5036, 5030, 5024, 5023, 5017)
(10238, 22, 5004, 5010, 5021, 5032, 5037)
(10239, 96, 5021, 5032, 5043)
(10240, 16, 5005, 5011, 5017, 5023, 5029, 5035, 5036)
(10241, 17, 5008, 5019, 5024, 5023, 5028, 5039, 5050)
(10242, 12, 5027, 5016, 5005)
(10243, 215, 5028, 5039, 5045, 5051)
(10244, 18, 5020, 5031, 5036, 5041, 5046, 5051, 5056)
(10245, 56, 5056, 5051, 5040, 5029, 5018, 5013, 5008)
(10246, 6, 5031, 5042, 5053)
(10247, 229, 5043, 5032, 5021, 5015, 5014)
(10248, 17, 5002, 5007, 5018, 5029, 5040)
(10249, 166, 5019, 5025, 5026, 5032, 5043)
(10250, 33, 5055, 5056, 5051, 5040, 5029, 5024, 5025, 5026, 5021)
(10251, 231, 5043, 5032, 5026, 5025, 5024, 5018)
(10252, 180, 5019, 5030, 5036, 5042, 5048, 5054)
(10253, 35, 5054, 5043, 5032, 5026, 5025, 5024, 5023)
(10254, 91, 5057, 5056, 5050, 5039, 5028, 5022)
(10255, 3, 5031, 5042, 5053)
(10256, 43, 5029, 5018, 5007, 5001)
(10257, 77, 5029, 5018, 5007, 5001, 5000)
(10258, 1, 5039, 5028, 5023, 5018, 5007)
(10259, 1, 5027, 5016, 5005)
(10260, 36, 5055, 5050, 5039, 5028, 5017, 5012, 5013)
(10261, 99, 5021, 5032, 5043, 5048, 5047, 5052, 5057, 5056, 5055)
(10262, 102, 5021, 5032, 5043, 5048, 5053)
(10263, 26, 5046, 5040, 5029, 5023, 5017, 5011)
(10264, 43, 5054, 5043, 5032, 5026, 5025, 5019, 5008)
(10265, 456, 5025, 5026, 5032, 5043, 5054)
(10266, 266, 5022, 5028, 5039, 5050)
(10267, 50, 5051, 5040, 5029, 5018)
(10268, 17, 5008, 5019, 5030, 5041, 5052)
(10269, 25, 5032, 5021, 5010, 5004, 5003)
(10270, 29, 5044, 5039, 5028, 5017, 5006)
(10271, 65, 5018, 5023, 5028, 5039, 5050)
(10272, 64, 5050, 5039, 5028, 5017, 5011)
(10273, 59, 5027, 5016, 5005)
(10274, 1, 5051, 5040, 5029, 5023, 5022)
(10275, 90, 5051, 5040, 5029, 5018, 5007)
(10276, 65, 5018, 5029, 5040)
(10277, 50, 5007, 5018, 5024, 5025, 5026, 5032)
(10278, 6, 5026, 5032, 5043, 5054)
(10279, 30, 5041, 5030, 5024, 5018)
(10280, 458, 5030, 5036, 5042, 5053)
(10281, 18, 5020, 5031, 5042)
(10282, 253, 5043, 5032, 5021, 5010)
(10283, 269, 5022, 5028, 5039, 5050)
(10284, 16, 5000, 5001, 5007, 5018, 5029)
(10285, 47, 5054, 5043, 5032)
(10286, 3, 5039, 5028, 5017)
(10287, 33, 5036, 5030, 5019, 5008, 5003)
(10288, 16, 5000, 5001, 5007, 5018, 5029, 5035, 5041, 5047, 5048)
(10289, 461, 5025, 5026, 5032, 5043, 5054)
(10290, 16, 5001, 5007, 5018, 5029, 5035, 5041, 5052, 5058)
(10291, 21, 5017, 5028, 5039, 5050, 5056)
(10292, 55, 5054, 5043, 5032, 5026, 5025, 5024, 5018)
(10293, 467, 5030, 5036, 5042, 5053)
(10294, 61, 5032, 5043, 5054)
(10295, 1, 5040, 5029, 5024, 5019, 5008, 5003, 5004)
(10296, 29, 5038, 5027, 5022, 5023, 5018, 5013, 5008)
(10297, 64, 5056, 5051, 5040, 5029, 5024, 5019, 5014)
(10298, 59, 5054, 5043, 5032, 5021, 5010)
(10299, 38, 5055, 5056, 5051, 5040, 5029, 5018, 5007)
(10300, 273, 5024, 5030, 5036, 5042, 5053, 5059)
(10301, 41, 5049, 5038, 5027, 5016)
(10302, 98, 5040, 5029, 5024, 5019, 5008, 5003)
(10303, 52, 5036, 5030, 5024, 5018, 5007)
(10304, 308, 5030, 5019, 5008)
(10305, 19, 5008, 5019, 5024, 5023, 5028, 5039, 5050, 5055)
(10306, 17, 5048, 5043, 5032, 5021, 5010)
(10307, 1, 5042, 5036, 5030, 5019, 5008)
(10308, 68, 5032, 5026, 5025, 5024, 5023, 5017, 5011, 5005)
(10309, 58, 5007, 5018, 5029, 5040)
(10310, 251, 5028, 5039, 5050)
(10311, 1, 5019, 5030, 5041)
(10312, 3, 5026, 5032, 5043, 5054)
(10313, 3, 5039, 5028, 5023, 5024, 5019, 5008, 5003, 5004)
(10314, 30, 5041, 5030, 5024, 5018, 5007)
(10315, 30, 5046, 5040, 5029, 5023, 5017, 5011, 5005)
(10316, 476, 5025, 5026, 5032, 5043, 5054)
(10317, 1, 5058, 5052, 5041, 5030, 5024, 5018, 5007)
(10318, 41, 5055, 5050, 5039, 5034, 5029, 5024, 5019, 5008)
(10319, 25, 5039, 5028, 5023, 5018, 5007, 5002, 5003, 5004)
(10320, 100, 5040, 5029, 5024, 5019, 5008, 5003)
(10321, 31, 5039, 5028, 5017)
(10322, 1, 5007, 5018, 5023, 5028, 5039)
(10323, 67, 5031, 5025, 5024, 5023, 5017, 5011, 5005)
(10324, 16, 5005, 5011, 5017, 5023, 5029, 5040, 5051, 5057, 5058, 5059)
(10325, 146, 5051, 5040, 5029, 5023, 5017, 5011)
(10326, 146, 5051, 5040, 5029, 5024, 5019, 5008, 5003, 5004)
(10327, 149, 5051, 5040, 5029, 5023, 5017, 5011, 5005)
(10328, 55, 5039, 5028, 5017, 5012, 5013, 5008, 5003)
(10329, 73, 5007, 5018, 5024, 5025, 5026, 5032, 5043)
(10330, 68, 5016, 5022, 5023, 5029, 5035, 5036, 5042, 5053)
(10331, 19, 5008, 5019, 5030, 5041, 5052)
(10332, 130, 5040, 5029, 5018, 5007)
(10333, 3, 5026, 5032, 5043, 5054)
(10334, 105, 5021, 5032, 5043)
(10335, 30, 5041, 5030, 5024, 5023, 5017, 5011)
(10336, 1, 5017, 5023, 5029, 5040)
(10337, 67, 5054, 5043, 5032)
(10338, 109, 5021, 5026, 5025, 5024, 5029, 5040, 5051)
(10339, 14, 5058, 5057, 5056, 5050, 5039, 5028)
(10340, 71, 5054, 5043, 5032, 5026, 5025, 5024, 5018, 5007, 5001, 5000)
(10341, 482, 5030, 5041, 5052)
(10342, 331, 5043, 5032, 5021, 5010, 5004)
(10343, 272, 5022, 5023, 5029, 5040, 5051, 5057)
(10344, 18, 5020, 5031, 5042, 5053, 5059)
(10345, 73, 5007, 5018, 5024, 5030, 5036, 5042, 5053)
(10346, 84, 5007, 5018, 5029, 5035, 5041, 5052)
(10347, 1, 5007, 5018, 5024, 5025, 5026, 5032, 5043)
(10348, 105, 5028, 5017, 5006)
(10349, 68, 5032, 5026, 5025, 5024, 5018, 5007, 5001)
(10350, 22, 5006, 5017, 5028, 5039, 5050)
(10351, 275, 5022, 5028, 5039, 5050, 5056)
(10352, 37, 5038, 5027, 5022, 5023, 5018, 5007, 5002, 5003)
(10353, 115, 5021, 5026, 5025, 5024, 5023, 5028, 5039, 5050)
(10354, 109, 5052, 5041, 5030, 5019)
(10355, 75, 5059, 5053, 5042, 5036, 5030)
(10356, 55, 5039, 5028, 5017, 5012, 5007)
(10357, 84, 5007, 5018, 5024, 5025, 5026, 5032, 5043)
(10358, 130, 5040, 5029, 5023, 5017, 5011)
(10359, 87, 5007, 5012, 5017, 5028, 5039, 5050, 5055)
(10360, 1, 5044, 5039, 5028, 5023, 5024, 5019, 5008, 5003)
(10361, 21, 5017, 5028, 5039, 5050, 5056, 5057, 5058)
(10362, 30, 5041, 5030, 5019, 5008)
(10363, 342, 5043, 5032, 5021, 5010, 5004)
(10364, 65, 5018, 5029, 5040)
(10365, 1, 5029, 5018, 5007, 5001)
(10366, 79, 5027, 5016, 5005)
(10367, 19, 5005, 5011, 5017, 5023, 5029, 5040, 5051, 5057, 5058)
(10368, 255, 5023, 5029, 5040, 5051)
(10369, 24, 5001, 5007, 5018, 5029, 5035, 5036)
(10370, 21, 5017, 5028, 5039, 5050, 5056, 5057, 5058)
(10371, 24, 5008, 5014, 5015, 5021, 5032, 5043, 5054)
(10372, 24, 5002, 5007, 5018, 5029, 5040)
(10373, 180, 5019, 5024, 5029, 5040, 5051)
(10374, 117, 5029, 5018, 5007)
(10375, 26, 5003, 5008, 5019, 5024, 5029, 5040)
(10376, 255, 5028, 5039, 5050)
(10377, 79, 5027, 5016, 5005)
(10378, 26, 5003, 5002, 5007, 5018, 5029, 5040)
(10379, 67, 5036, 5030, 5019, 5008, 5003)
(10380, 22, 5015, 5021, 5032, 5043, 5048, 5053)
(10381, 187, 5019, 5025, 5031, 5042, 5053)
(10382, 43, 5049, 5038, 5027, 5016, 5005)
(10383, 27, 5006, 5017, 5028, 5039, 5050, 5055)
(10384, 261, 5023, 5029, 5040, 5051)
(10385, 24, 5008, 5014, 5015, 5021, 5032, 5043)
(10386, 77, 5018, 5029, 5035, 5036, 5042)
(10387, 57, 5039, 5028, 5023, 5024, 5019, 5008)
(10388, 86, 5027, 5016, 5005)
(10389, 149, 5051, 5040, 5029)
(10390, 80, 5011, 5017, 5023, 5029, 5035, 5041, 5052, 5058)
(10391, 1, 5011, 5017, 5023, 5024, 5025, 5026, 5032, 5043)
(10392, 280, 5029, 5040, 5051)
(10393, 489, 5025, 5026, 5032, 5043, 5054)
(10394, 61, 5032, 5043, 5054)
(10395, 22, 5015, 5021, 5032, 5043, 5054)
(10396, 27, 5006, 5017, 5028, 5039, 5050)
(10397, 281, 5022, 5023, 5024, 5025, 5026, 5032, 5043, 5054)
(10398, 72, 5036, 5030, 5019, 5008)
(10399, 106, 5027, 5016, 5005)
(10400, 261, 5028, 5039, 5050)
(10401, 17, 5058, 5052, 5046, 5040, 5029)
(10402, 28, 5003, 5008, 5019, 5024, 5029, 5040, 5051, 5056, 5055)
(10403, 94, 5032, 5026, 5025, 5019, 5008, 5003)
(10404, 79, 5036, 5030, 5024, 5018, 5007)
(10405, 78, 5054, 5043, 5032, 5021, 5015)
(10406, 361, 5043, 5032, 5021)
(10407, 155, 5051, 5040, 5029, 5018, 5013)
(10408, 1, 5040, 5029, 5018, 5007)
(10409, 81, 5059, 5058, 5057, 5051, 5040, 5029, 5018, 5007)
(10410, 66, 5039, 5028, 5023, 5024, 5019, 5008, 5003)
(10411, 9, 5004, 5003, 5008, 5019, 5024, 5023, 5028, 5039, 5050)
(10412, 31, 5006, 5017, 5023, 5029, 5040, 5051)
(10413, 6, 5026, 5032, 5043, 5054)
(10414, 40, 5017, 5023, 5029, 5040)
(10415, 327, 5030, 5019, 5008)
(10416, 17, 5058, 5052, 5041, 5030, 5024, 5023)
(10417, 155, 5051, 5040, 5029, 5018, 5007)
(10418, 54, 5041, 5030, 5024, 5023, 5017, 5011, 5005)
(10419, 66, 5039, 5028, 5023, 5024, 5019, 5008)
(10420, 32, 5003, 5008, 5019, 5024, 5029, 5034, 5039, 5050, 5055)
(10421, 22, 5005, 5011, 5017, 5023, 5029)
(10422, 77, 5018, 5029, 5040, 5051, 5056)
(10423, 40, 5017, 5023, 5029, 5035, 5041)
(10424, 25, 5005, 5016, 5022, 5028, 5039, 5050, 5056, 5057, 5058)
(10425, 87, 5007, 5018, 5029, 5040, 5051, 5057, 5058, 5059)
(10426, 101, 5018, 5029, 5040, 5051, 5056)
(10427, 80, 5011, 5017, 5023, 5029, 5035, 5036, 5042, 5048)
(10428, 364, 5043, 5032, 5021, 5015)
(10429, 87, 5054, 5043, 5032, 5026, 5025, 5024, 5023)
(10430, 25, 5005, 5016, 5027, 5038)
(10431, 493, 5030, 5041, 5052, 5058)
(10432, 101, 5018, 5029, 5040)
(10433, 343, 5030, 5024, 5018, 5007, 5001)
(10434, 90, 5054, 5043, 5032, 5026, 5025, 5024, 5018)
(10435, 1, 5042, 5036, 5030, 5024, 5023, 5022, 5016)
(10436, 43, 5055, 5050, 5039, 5028, 5017)
(10437, 284, 5022, 5028, 5039, 5050, 5056)
(10438, 148, 5028, 5017, 5011, 5005)
(10439, 17, 5053, 5048, 5043, 5032, 5021, 5010)
(10440, 290, 5022, 5023, 5029, 5040, 5051, 5057, 5058, 5059)
(10441, 106, 5027, 5016, 5005)
(10442, 496, 5030, 5041, 5052)
(10443, 72, 5039, 5028, 5017, 5011)
(10444, 54, 5041, 5030, 5019, 5008, 5003)
(10445, 40, 5017, 5028, 5039, 5050)
(10446, 33, 5047, 5046, 5040, 5029, 5023, 5017)
(10447, 214, 5028, 5017, 5011, 5005)
(10448, 78, 5056, 5051, 5040, 5029, 5018)
(10449, 32, 5009, 5020, 5031, 5042, 5053)
(10450, 263, 5023, 5029, 5035, 5041, 5052, 5058)
(10451, 86, 5055, 5049, 5038, 5027)
(10452, 1, 5018, 5029, 5040, 5051, 5056, 5055)
(10453, 33, 5047, 5046, 5040, 5029, 5023, 5017, 5011)
(10454, 45, 5055, 5050, 5039, 5028, 5017, 5006)
(10455, 40, 5017, 5023, 5029, 5035, 5041, 5047)
(10456, 33, 5047, 5046, 5040, 5029, 5023, 5017)
(10457, 100, 5007, 5018, 5024, 5030)
(10458, 94, 5032, 5026, 5025, 5024, 5018, 5007)
(10459, 17, 5053, 5048, 5043, 5032, 5021, 5010, 5004)
(10460, 280, 5024, 5030, 5041, 5052)
(10461, 94, 5054, 5043, 5032, 5021, 5010)
(10462, 217, 5028, 5017, 5006)
(10463, 115, 5027, 5016, 5005)
(10464, 139, 5040, 5029, 5018)
(10465, 296, 5027, 5038, 5049)
(10466, 22, 5015, 5021, 5032, 5043)
(10467, 124, 5029, 5018, 5007, 5001)
(10468, 187, 5019, 5030, 5041, 5052)
(10469, 118, 5021, 5026, 5025, 5030, 5041, 5052)
(10470, 379, 5030, 5024, 5018, 5007)
(10471, 50, 5038, 5027, 5016, 5005)
(10472, 94, 5032, 5026, 5025, 5024, 5018, 5007, 5001)
(10473, 232, 5028, 5017, 5006)
(10474, 124, 5029, 5023, 5017, 5011, 5005)
(10475, 370, 5043, 5032, 5026, 5025, 5024, 5018, 5007, 5001)
(10476, 296, 5022, 5023, 5024, 5025, 5026, 5032, 5043, 5054)
(10477, 121, 5021, 5026, 5025, 5024, 5023, 5028, 5039, 5050)
(10478, 30, 5020, 5026, 5032, 5043, 5048)
(10479, 54, 5041, 5030, 5024, 5023, 5017, 5011, 5005)
(10480, 1, 5048, 5043, 5032, 5021, 5010)
(10481, 239, 5028, 5017, 5006)
(10482, 387, 5030, 5024, 5018, 5007, 5001)
(10483, 193, 5019, 5025, 5026, 5032, 5043)
(10484, 376, 5043, 5032, 5026, 5025, 5024, 5023, 5017, 5006)
(10485, 32, 5003, 5002, 5007, 5018, 5029, 5040)
(10486, 1, 5053, 5048, 5043, 5032, 5021, 5010)
(10487, 193, 5019, 5030, 5041, 5047, 5053)
(10488, 51, 5049, 5038, 5027, 5016, 5005)
(10489, 62, 5046, 5040, 5029, 5023, 5022, 5016, 5005)
(10490, 33, 5048, 5043, 5032, 5021, 5015)
(10491, 33, 5006, 5017, 5022, 5027, 5038, 5049)
(10492, 1, 5019, 5030, 5041)
(10493, 28, 5005, 5011, 5017, 5023, 5024, 5025, 5026, 5032)
(10494, 32, 5003, 5002, 5007, 5018, 5029, 5040, 5051)
(10495, 302, 5022, 5023, 5029, 5040, 5051)
(10496, 125, 5021, 5032, 5043, 5054)
(10497, 72, 5039, 5028, 5017, 5011)
(10498, 197, 5019, 5030, 5041)
(10499, 11, 5010, 5021, 5026, 5031, 5042, 5053)
(10500, 11, 5004, 5003, 5002, 5007, 5018, 5029, 5040, 5051, 5056, 5055)
(10501, 94, 5032, 5021, 5010)
(10502, 500, 5030, 5036, 5042, 5053)
(10503, 35, 5001, 5007, 5018, 5029, 5040, 5051, 5056)
(10504, 17, 5004, 5003, 5008, 5019, 5030, 5041)
(10505, 30, 5008, 5019, 5024, 5023, 5028, 5039, 5050)
(10506, 51, 5055, 5050, 5039, 5028, 5023, 5024, 5019, 5008, 5003)
(10507, 390, 5030, 5024, 5018, 5007, 5001)
(10508, 8, 5031, 5042, 5053)
(10509, 305, 5022, 5023, 5029, 5040, 5051, 5057, 5058)
(10510, 61, 5038, 5027, 5022, 5023, 5018, 5007)
(10511, 21, 5004, 5003, 5002, 5007, 5018, 5029, 5040)
(10512, 101, 5018, 5029, 5040, 5051, 5057, 5058, 5059)
(10513, 244, 5028, 5017, 5006, 5000)
(10514, 1, 5026, 5032, 5043, 5048, 5053)
(10515, 252, 5028, 5017, 5011, 5005)
(10516, 46, 5001, 5007, 5018, 5024, 5030, 5041, 5052, 5058, 5059)
(10517, 53, 5055, 5056, 5051, 5040, 5029, 5024, 5025, 5026, 5021)
(10518, 280, 5029, 5035, 5041, 5052)
(10519, 59, 5055, 5050, 5039, 5028, 5023, 5024, 5019, 5008, 5003, 5004)
(10520, 96, 5032, 5026, 5025, 5024, 5023, 5017, 5011, 5005)
(10521, 98, 5036, 5030, 5019, 5008, 5003)
(10522, 124, 5029, 5018, 5007, 5001)
(10523, 30, 5008, 5019, 5025, 5026, 5032, 5043, 5048)
(10524, 62, 5046, 5040, 5029, 5018, 5007, 5001)
(10525, 378, 5043, 5032, 5026, 5025, 5024, 5023, 5017)
(10526, 508, 5030, 5041, 5052)
(10527, 170, 5057, 5052, 5041, 5030, 5025, 5026, 5021, 5010)
(10528, 512, 5030, 5041, 5052, 5058)
(10529, 515, 5030, 5041, 5052)
(10530, 69, 5038, 5027, 5022, 5023, 5024, 5025, 5026, 5021, 5010)
(10531, 115, 5027, 5016, 5005)
(10532, 258, 5028, 5017, 5006)
(10533, 49, 5006, 5017, 5022, 5027, 5038)
(10534, 125, 5027, 5016, 5005)
(10535, 8, 5026, 5032, 5043, 5054)
(10536, 316, 5022, 5028, 5039, 5050, 5056)
(10537, 35, 5042, 5036, 5030, 5024, 5023, 5017, 5011)
(10538, 125, 5027, 5016, 5005)
(10539, 53, 5001, 5007, 5018, 5024, 5030, 5036)
(10540, 24, 5010, 5021, 5032, 5043, 5048, 5047, 5052, 5057)
(10541, 1, 5040, 5029, 5023, 5017, 5011)
(10542, 20, 5053, 5048, 5043, 5032, 5021, 5015)
(10543, 82, 5039, 5028, 5023, 5018, 5013, 5008, 5003)
(10544, 61, 5032, 5043, 5054)
(10545, 35, 5047, 5041, 5030, 5024, 5018, 5007)
(10546, 133, 5029, 5018, 5007, 5001)
(10547, 102, 5031, 5026, 5021, 5010, 5004)
(10548, 28, 5005, 5011, 5017, 5028, 5039, 5050, 5056, 5057, 5058)
(10549, 82, 5039, 5028, 5017, 5012, 5013, 5008, 5003, 5004)
(10550, 61, 5017, 5023, 5029, 5035, 5041, 5052, 5058)
(10551, 395, 5030, 5019, 5008)
(10552, 58, 5006, 5017, 5023, 5029, 5040)
(10553, 77, 5038, 5027, 5016, 5005, 5000)
(10554, 1, 5038, 5027, 5022, 5017, 5006)
(10555, 35, 5008, 5014, 5015, 5021, 5032, 5043)
(10556, 30, 5020, 5026, 5032, 5043)
(10557, 80, 5011, 5017, 5023, 5024, 5025, 5026, 5032, 5043, 5054)
(10558, 263, 5028, 5039, 5050)
(10559, 131, 5021, 5026, 5025, 5024, 5029, 5040, 5051)
(10560, 35, 5008, 5019, 5030, 5041, 5052)
(10561, 78, 5041, 5036, 5031, 5026, 5021, 5010)
(10562, 102, 5031, 5025, 5024, 5018, 5007)
(10563, 319, 5022, 5023, 5024, 5030, 5041, 5052)
(10564, 92, 5050, 5039, 5028)
(10565, 85, 5039, 5028, 5017, 5006)
(10566, 280, 5024, 5025, 5026, 5032, 5043, 5054)
(10567, 123, 5018, 5029, 5040, 5051, 5056, 5055)
(10568, 124, 5058, 5053, 5048, 5043, 5032, 5021, 5010)
(10569, 38, 5008, 5019, 5024, 5029, 5040, 5051, 5056)
(10570, 1, 5041, 5030, 5019, 5008)
(10571, 134, 5021, 5026, 5025, 5030, 5041, 5052, 5057, 5056, 5055)
(10572, 322, 5022, 5028, 5039, 5050)
(10573, 8, 5026, 5032, 5043, 5054)
(10574, 78, 5046, 5040, 5029, 5018, 5007, 5001)
(10575, 61, 5055, 5056, 5051, 5040, 5029, 5024, 5019)
(10576, 85, 5038, 5027, 5022, 5023, 5018, 5007, 5002)
(10577, 138, 5027, 5016, 5005)
(10578, 97, 5054, 5048, 5047, 5041, 5030, 5024, 5023, 5017)
(10579, 522, 5030, 5036, 5042, 5053)
(10580, 35, 5042, 5036, 5030, 5024, 5018, 5007, 5001)
(10581, 8, 5026, 5032, 5043, 5054)
(10582, 61, 5032, 5043, 5054)
(10583, 100, 5059, 5058, 5052, 5046, 5040, 5029, 5023)
(10584, 266, 5028, 5017, 5006)
(10585, 1, 5040, 5029, 5018, 5007, 5001, 5000)
(10586, 139, 5040, 5029, 5024, 5019, 5008, 5003)
(10587, 67, 5049, 5038, 5027, 5016, 5005)
(10588, 100, 5007, 5012, 5017, 5028, 5039, 5050, 5055)
(10589, 410, 5030, 5019, 5008)
(10590, 58, 5001, 5007, 5018, 5029, 5035, 5041)
(10591, 46, 5031, 5042, 5053, 5059)
(10592, 138, 5027, 5016, 5005)
(10593, 61, 5001, 5007, 5018, 5029)
(10594, 279, 5023, 5024, 5030, 5041, 5052, 5058)
(10595, 115, 5032, 5043, 5054)
(10596, 30, 5014, 5019, 5030, 5041, 5052)
(10597, 115, 5032, 5043, 5054)
(10598, 325, 5022, 5028, 5039, 5050)
(10599, 103, 5007, 5018, 5024, 5025, 5026, 5032)
(10600, 137, 5021, 5026, 5025, 5024, 5029, 5040, 5051, 5056)
(10601, 89, 5038, 5027, 5016, 5005)
(10602, 31, 5005, 5016, 5027, 5038, 5049)
(10603, 297, 5024, 5030, 5041, 5052, 5058)
(10604, 24, 5010, 5021, 5032, 5043, 5048)
(10605, 1, 5050, 5039, 5028, 5023, 5024, 5019, 5008, 5003, 5004)
(10606, 123, 5018, 5024, 5025, 5026, 5032, 5043)
(10607, 30, 5020, 5026, 5032, 5043, 5054)
(10608, 197, 5019, 5030, 5041, 5052, 5058)
(10609, 85, 5039, 5028, 5017, 5012, 5007)
(10610, 96, 5032, 5026, 5025, 5024, 5023, 5017, 5011, 5005)
(10611, 141, 5027, 5016, 5005)
(10612, 203, 5019, 5025, 5031, 5042, 5053)
(10613, 533, 5030, 5041, 5052)
(10614, 35, 5048, 5043, 5032, 5021, 5010, 5004)
(10615, 135, 5018, 5024, 5030, 5041, 5047)
(10616, 140, 5021, 5032, 5043, 5048, 5053, 5058, 5057)
(10617, 274, 5028, 5017, 5011, 5005)
(10618, 23, 5058, 5057, 5056, 5050, 5039, 5028, 5017, 5011, 5005)
(10619, 208, 5019, 5030, 5041)
(10620, 61, 5017, 5028, 5039, 5050, 5056)
(10621, 67, 5049, 5038, 5027)
(10622, 103, 5007, 5018, 5024, 5025, 5031)
(10623, 146, 5021, 5026, 5025, 5024, 5029, 5040, 5051, 5056, 5055)
(10624, 1, 5052, 5041, 5030, 5024, 5023, 5017)
(10625, 68, 5017, 5028, 5039, 5050)
(10626, 30, 5020, 5026, 5032, 5043, 5048)
(10627, 385, 5043, 5032, 5026, 5025, 5024, 5018)
(10628, 1, 5003, 5008, 5019, 5024, 5029, 5040)
(10629, 135, 5018, 5024, 5025, 5026, 5032, 5043, 5054)
(10630, 97, 5038, 5027, 5022, 5023, 5024, 5019, 5008, 5003, 5004)
(10631, 68, 5017, 5028, 5039, 5050, 5055)
(10632, 113, 5011, 5017, 5028, 5039)
(10633, 31, 5005, 5011, 5017, 5023, 5029, 5040, 5051, 5057)
(10634, 46, 5031, 5042, 5053)
(10635, 46, 5031, 5042, 5053, 5059)
(10636, 68, 5017, 5023, 5024, 5025, 5026, 5032, 5043)
(10637, 541, 5030, 5041, 5052)
(10638, 153, 5040, 5029, 5018, 5007, 5001)
(10639, 133, 5029, 5023, 5022, 5016, 5005)
(10640, 217, 5019, 5030, 5036, 5042)
(10641, 78, 5041, 5030, 5024, 5023, 5022, 5016)
(10642, 128, 5057, 5051, 5040, 5029, 5018, 5007, 5001)
(10643, 34, 5003, 5008, 5019, 5030, 5041, 5052)
(10644, 102, 5031, 5025, 5019, 5008)
(10645, 67, 5055, 5056, 5051, 5040, 5029, 5024, 5025, 5026, 5021)
(10646, 173, 5057, 5052, 5041, 5030, 5025, 5026, 5021, 5010)
(10647, 34, 5004, 5010, 5021, 5032, 5043)
(10648, 88, 5039, 5028, 5017, 5012, 5013, 5008, 5003, 5004)
(10649, 34, 5005, 5016, 5022, 5023, 5029)
(10650, 217, 5019, 5030, 5036, 5042, 5053)
(10651, 328, 5022, 5023, 5029, 5035, 5036, 5042, 5053)
(10652, 37, 5003, 5008, 5019, 5030, 5041)
(10653, 37, 5003, 5002, 5007, 5018, 5029, 5040, 5051, 5056, 5055)
(10654, 276, 5028, 5022, 5016, 5005)
(10655, 387, 5043, 5032, 5026, 5025, 5024, 5023, 5017, 5011, 5005)
(10656, 88, 5039, 5028, 5017)
(10657, 149, 5021, 5032, 5043, 5048, 5053)
(10658, 154, 5021, 5026, 5031, 5036, 5041, 5052, 5057, 5056)
(10659, 1, 5003, 5008, 5019, 5030, 5041, 5052)
(10660, 153, 5040, 5029, 5023, 5017, 5011, 5005)
(10661, 23, 5058, 5057, 5056, 5050, 5039, 5028, 5022)
(10662, 136, 5032, 5026, 5025, 5024, 5023, 5022, 5016, 5005)
(10663, 115, 5032, 5043, 5054)
(10664, 40, 5008, 5019, 5030, 5041)
(10665, 163, 5018, 5024, 5025, 5026, 5032, 5043)
(10666, 297, 5024, 5025, 5026, 5032, 5043, 5054)
(10667, 420, 5030, 5024, 5018, 5007, 5001)
(10668, 30, 5014, 5019, 5024, 5023, 5028, 5039, 5050, 5055)
(10669, 23, 5059, 5054, 5043, 5032, 5021, 5010, 5004)
(10670, 71, 5001, 5007, 5018, 5029, 5035)
(10671, 77, 5006, 5017, 5023, 5029, 5035, 5036, 5042, 5048, 5054)
(10672, 87, 5017, 5028, 5039, 5050, 5055)
(10673, 279, 5023, 5024, 5030, 5041, 5052, 5058)
(10674, 73, 5055, 5050, 5039, 5028, 5017, 5012)
(10675, 549, 5030, 5036, 5042, 5053)
(10676, 299, 5024, 5025, 5026, 5032, 5043, 5054)
(10677, 68, 5031, 5042, 5053, 5059)
(10678, 227, 5019, 5025, 5026, 5032, 5043)
(10679, 118, 5007, 5018, 5023, 5028, 5039)
(10680, 40, 5008, 5019, 5030, 5041)
(10681, 227, 5019, 5030, 5041, 5047)
(10682, 40, 5042, 5036, 5030, 5024, 5018)
(10683, 121, 5007, 5018, 5024, 5025, 5026, 5032, 5043)
(10684, 401, 5043, 5032, 5026, 5025, 5024, 5023, 5017, 5011, 5005)
(10685, 113, 5011, 5017, 5023, 5029, 5035, 5041, 5052, 5058)
(10686, 102, 5036, 5030, 5019, 5008)
(10687, 110, 5036, 5030, 5019, 5008)
(10688, 42, 5003, 5008, 5019, 5030, 5036)
(10689, 37, 5005, 5016, 5027)
(10690, 75, 5055, 5056, 5051, 5040, 5029, 5024, 5025, 5026, 5021)
(10691, 78, 5041, 5030, 5024, 5018, 5007)
(10692, 428, 5030, 5024, 5018, 5007)
(10693, 42, 5048, 5043, 5032, 5021, 5010)
(10694, 127, 5007, 5018, 5029)
(10695, 103, 5059, 5058, 5057, 5051, 5040, 5029, 5023, 5017)
(10696, 115, 5032, 5043, 5054)
(10697, 153, 5040, 5029, 5024, 5019, 5008, 5003, 5004)
(10698, 404, 5043, 5032, 5021, 5015)
(10699, 87, 5017, 5028, 5039, 5050, 5056, 5057)
(10700, 279, 5028, 5039, 5050)
(10701, 101, 5017, 5028, 5039, 5045, 5051, 5057)
(10702, 40, 5000, 5001, 5007, 5018, 5029, 5035)
(10703, 81, 5055, 5050, 5039, 5028, 5017, 5006)
(10704, 282, 5028, 5017, 5006)
(10705, 321, 5023, 5029, 5040, 5051)
(10706, 407, 5043, 5032, 5021, 5010, 5004, 5003)
(10707, 136, 5032, 5026, 5025, 5024, 5018, 5007, 5001)
(10708, 553, 5030, 5041, 5052)
(10709, 77, 5001, 5007, 5018, 5029)
(10710, 50, 5042, 5031, 5025, 5024, 5018, 5007, 5001)
(10711, 30, 5020, 5026, 5032, 5043)
(10712, 556, 5030, 5041, 5052)
(10713, 141, 5027, 5016, 5005)
(10714, 431, 5030, 5019, 5008)
(10715, 26, 5058, 5057, 5051, 5040, 5029, 5023, 5017)
(10716, 424, 5043, 5032, 5026, 5025, 5024, 5023, 5017, 5011)
(10717, 426, 5043, 5032, 5021)
(10718, 131, 5007, 5018, 5029, 5035)
(10719, 241, 5019, 5030, 5041, 5047)
(10720, 109, 5054, 5043, 5032, 5021, 5010, 5004, 5003)
(10721, 90, 5039, 5028, 5017, 5012, 5013, 5008, 5003)
(10722, 117, 5054, 5043, 5032, 5021, 5010)
(10723, 1, 5023, 5024, 5030, 5041, 5052, 5058)
(10724, 440, 5043, 5032, 5026, 5025, 5024, 5023, 5022, 5016, 5005)
(10725, 299, 5029, 5040, 5051)
(10726, 101, 5017, 5028, 5039, 5050, 5055)
(10727, 83, 5055, 5050, 5039, 5028, 5023, 5018)
(10728, 80, 5006, 5017, 5023, 5024, 5025, 5026, 5032, 5043, 5054)
(10729, 80, 5006, 5017, 5022, 5027, 5038)
(10730, 109, 5038, 5027, 5022, 5023, 5018, 5007, 5002)
(10731, 124, 5032, 5043, 5054)
(10732, 48, 5008, 5019, 5030, 5036, 5042)
(10733, 26, 5053, 5048, 5043, 5032, 5021, 5010, 5004)
(10734, 1, 5011, 5017, 5023, 5024, 5025, 5026, 5032, 5043, 5054)
(10735, 133, 5029, 5018, 5007, 5001)
(10736, 84, 5001, 5007, 5018, 5029, 5035, 5036, 5042)
(10737, 90, 5006, 5017, 5028)
(10738, 78, 5041, 5030, 5024, 5018)
(10739, 68, 5031, 5042, 5053, 5059)
(10740, 94, 5039, 5028, 5017, 5011, 5005)
(10741, 163, 5018, 5029, 5040)
(10742, 559, 5030, 5041, 5052, 5058)
(10743, 124, 5032, 5043, 5054)
(10744, 321, 5023, 5024, 5025, 5026, 5032, 5043, 5054)
(10745, 113, 5011, 5017, 5023, 5029, 5035, 5036, 5042, 5048)
(10746, 50, 5042, 5031, 5025, 5024, 5023, 5017)
(10747, 1, 5011, 5017, 5023, 5024, 5030, 5041, 5052)
(10748, 125, 5011, 5017, 5028, 5039, 5045, 5051)
(10749, 121, 5017, 5028, 5039, 5050)
(10750, 113, 5036, 5030, 5024, 5018, 5007, 5001)
(10751, 30, 5014, 5019, 5024, 5029, 5034, 5039, 5050, 5055)
(10752, 40, 5005, 5011, 5017, 5023, 5029, 5035, 5041, 5052)
(10753, 334, 5022, 5023, 5024, 5030, 5041, 5052, 5058)
(10754, 241, 5019, 5025, 5026, 5032, 5043, 5054)
(10755, 435, 5030, 5024, 5023, 5017, 5006)
(10756, 134, 5007, 5012, 5017, 5028, 5039, 5050)
(10757, 284, 5028, 5017, 5006)
(10758, 125, 5054, 5043, 5032, 5026, 5025, 5024, 5023, 5017, 5011)
(10759, 245, 5019, 5030, 5041, 5052, 5058, 5059)
(10760, 124, 5032, 5043, 5054)
(10761, 1, 5017, 5023, 5029, 5040)
(10762, 26, 5053, 5042, 5031)
(10763, 48, 5008, 5019, 5030, 5041, 5047, 5048, 5054)
(10764, 54, 5008, 5014, 5015, 5021, 5032, 5043, 5054)
(10765, 131, 5031, 5026, 5021, 5010, 5004)
(10766, 121, 5017, 5023, 5029, 5040, 5051)
(10767, 144, 5027, 5016, 5005)
(10768, 291, 5028, 5017, 5006)
(10769, 135, 5011, 5017, 5028, 5039, 5050, 5055)
(10770, 247, 5019, 5024, 5029, 5040, 5051, 5056)
(10771, 133, 5054, 5043, 5032, 5021, 5010, 5004, 5003)
(10772, 121, 5017, 5028, 5039)
(10773, 331, 5028, 5039, 5050, 5056)
(10774, 256, 5019, 5024, 5029, 5040, 5051)
(10775, 43, 5005, 5011, 5017, 5023, 5024, 5030, 5041)
(10776, 178, 5018, 5024, 5030, 5036, 5042, 5048)
(10777, 157, 5029, 5023, 5017, 5011, 5005)
(10778, 567, 5030, 5041, 5052)
(10779, 153, 5040, 5029, 5024, 5019, 5008, 5003, 5004)
(10780, 137, 5011, 5017, 5028, 5039)
(10781, 1, 5032, 5043, 5054)
(10782, 92, 5056, 5051, 5040, 5029, 5018, 5013)
(10783, 573, 5030, 5041, 5052, 5058)
(10784, 57, 5048, 5043, 5032, 5021, 5010, 5004)
(10785, 68, 5026, 5032, 5043, 5048, 5053)
(10786, 127, 5032, 5043, 5054)
(10787, 24, 5004, 5003, 5002, 5001, 5006, 5017, 5028, 5039)
(10788, 170, 5040, 5029, 5018)
(10789, 124, 5017, 5028, 5039)
(10790, 131, 5036, 5030, 5019, 5008)
(10791, 94, 5039, 5028, 5023, 5018, 5013, 5008, 5003)
(10792, 258, 5019, 5030, 5036, 5042)
(10793, 145, 5032, 5043, 5054)
(10794, 141, 5054, 5043, 5032, 5026, 5025, 5024, 5018)
(10795, 178, 5012, 5017, 5028, 5039, 5050)
(10796, 1, 5058, 5052, 5041, 5030, 5024, 5023, 5022, 5016, 5005)
(10797, 299, 5029, 5040, 5051, 5057, 5058)
(10798, 168, 5032, 5043, 5054)
(10799, 315, 5029, 5040, 5051)
(10800, 117, 5038, 5027, 5022, 5023, 5018, 5013, 5008, 5003, 5004)
(10801, 452, 5043, 5032, 5026, 5025, 5024, 5023, 5017)
(10802, 88, 5041, 5030, 5024, 5023, 5017, 5006)
(10803, 137, 5036, 5030, 5024, 5018, 5007)
(10804, 96, 5039, 5034, 5029, 5024, 5019, 5008, 5003)
(10805, 132, 5038, 5027, 5016)
(10806, 175, 5040, 5029, 5018, 5007)
(10807, 109, 5056, 5051, 5040, 5029, 5018, 5013)
(10808, 180, 5051, 5040, 5029, 5023, 5017, 5011, 5005)
(10809, 140, 5036, 5030, 5024, 5018, 5007, 5001)
(10810, 129, 5017, 5023, 5029, 5040, 5051)
(10811, 96, 5039, 5028, 5017, 5011)
(10812, 133, 5050, 5039, 5028, 5017, 5012)
(10813, 332, 5029, 5035, 5041, 5052, 5058, 5059)
(10814, 42, 5003, 5008, 5019, 5030, 5041, 5052)
(10815, 90, 5006, 5017, 5028, 5039, 5050, 5055)
(10816, 43, 5005, 5011, 5017, 5023, 5024, 5025, 5026, 5032, 5043)
(10817, 149, 5054, 5043, 5032, 5021, 5015)
(10818, 137, 5016, 5027, 5038, 5049)
(10819, 46, 5005, 5011, 5017, 5028, 5039)
(10820, 150, 5016, 5022, 5023, 5029, 5035, 5041, 5052, 5058)
(10821, 143, 5032, 5026, 5025, 5024, 5018, 5007)
(10822, 153, 5059, 5058, 5057, 5051, 5040, 5029, 5018, 5007)
(10823, 133, 5056, 5051, 5040, 5029, 5024, 5019, 5008)
(10824, 438, 5030, 5019, 5008)
(10825, 63, 5042, 5036, 5030, 5024, 5018, 5007, 5001)
(10826, 26, 5010, 5021, 5032, 5043, 5048, 5053, 5058)
(10827, 576, 5030, 5041, 5052)
(10828, 88, 5041, 5030, 5024, 5018, 5007)
(10829, 137, 5007, 5012, 5017, 5028, 5039, 5050)
(10830, 333, 5023, 5029, 5035, 5041, 5052)
(10831, 26, 5004, 5003, 5002, 5007, 5018, 5029, 5040)
(10832, 86, 5055, 5056, 5051, 5040, 5029, 5018, 5007, 5002, 5003, 5004)
(10833, 332, 5029, 5035, 5041, 5052, 5058, 5059)
(10834, 132, 5058, 5053, 5048, 5043, 5032, 5021)
(10835, 88, 5041, 5030, 5024, 5023, 5017)
(10836, 137, 5007, 5018, 5024, 5025, 5026, 5032)
(10837, 579, 5025, 5026, 5032, 5043, 5054)
(10838, 46, 5005, 5011, 5017, 5028, 5039, 5045, 5051, 5057, 5058)
(10839, 159, 5054, 5043, 5032, 5026)
(10840, 168, 5032, 5043, 5054)
(10841, 581, 5030, 5041, 5052)
(10842, 150, 5016, 5027, 5038, 5049)
(10843, 140, 5001, 5006, 5017, 5028, 5039, 5044)
(10844, 100, 5041, 5030, 5019, 5008, 5003, 5004)
(10845, 159, 5029, 5018, 5007, 5001)
(10846, 30, 5020, 5026, 5032, 5043, 5054)
(10847, 49, 5005, 5016, 5027, 5038)
(10848, 156, 5011, 5017, 5023, 5029, 5035, 5041, 5052)
(10849, 136, 5038, 5027, 5016, 5005)
(10850, 1, 5015, 5021, 5032, 5043)
(10851, 267, 5019, 5024, 5029, 5040, 5051, 5056)
(10852, 175, 5040, 5029, 5018, 5007, 5001)
(10853, 448, 5030, 5019, 5008)
(10854, 293, 5028, 5017, 5006)
(10855, 160, 5021, 5026, 5025, 5030, 5041, 5052)
(10856, 267, 5019, 5024, 5023, 5028, 5039, 5050, 5055)
(10857, 276, 5019, 5030, 5041, 5052, 5058)
(10858, 183, 5018, 5024, 5030, 5036, 5042)
(10859, 29, 5010, 5021, 5032)
(10860, 159, 5029, 5018, 5007, 5001)
(10861, 593, 5025, 5026, 5032, 5043, 5054)
(10862, 148, 5007, 5018, 5024, 5030, 5041, 5052)
(10863, 140, 5038, 5027, 5016, 5005)
(10864, 129, 5017, 5028, 5039, 5050, 5056)
(10865, 26, 5058, 5057, 5051, 5040, 5029, 5023, 5017, 5011)
(10866, 143, 5032, 5021, 5010, 5004)
(10867, 156, 5011, 5017, 5023, 5029, 5035, 5036, 5042, 5048)
(10868, 596, 5025, 5026, 5032, 5043, 5054)
(10869, 332, 5029, 5035, 5041, 5052)
(10870, 145, 5050, 5039, 5028)
(10871, 129, 5017, 5023, 5029, 5035, 5041)
(10872, 599, 5025, 5026, 5032, 5043, 5054)
(10873, 452, 5030, 5024, 5018, 5007, 5001)
(10874, 456, 5030, 5024, 5018, 5007)
(10875, 333, 5023, 5029, 5035, 5041, 5052, 5058, 5059)
(10876, 144, 5027, 5016, 5005)
(10877, 98, 5039, 5028, 5017, 5011, 5005)
(10878, 29, 5004, 5003, 5008, 5019, 5024, 5029, 5034, 5039, 5050)
(10879, 601, 5030, 5041, 5052, 5058)
(10880, 68, 5031, 5042, 5053)
(10881, 129, 5017, 5023, 5029, 5035, 5041, 5052)
(10882, 31, 5004, 5003, 5008, 5019, 5024, 5029, 5040, 5051)
(10883, 159, 5029, 5018, 5007, 5001)
(10884, 148, 5007, 5018, 5029, 5040)
(10885, 89, 5055, 5056, 5051, 5040, 5029, 5018, 5013, 5014)
(10886, 1, 5053, 5042, 5036, 5030, 5024, 5018)
(10887, 167, 5054, 5043, 5032, 5021)
(10888, 175, 5040, 5029, 5018, 5007, 5002, 5003)
(10889, 143, 5031, 5025, 5024, 5023, 5017, 5011, 5005)
(10890, 1, 5024, 5030, 5041, 5052)
(10891, 151, 5027, 5016, 5005)
(10892, 459, 5030, 5024, 5018, 5007, 5001)
(10893, 132, 5052, 5041, 5030, 5024, 5018, 5007)
(10894, 98, 5039, 5028, 5017, 5011)
(10895, 175, 5040, 5029, 5018)
(10896, 52, 5005, 5016, 5027)
(10897, 198, 5029, 5018, 5007)
(10898, 149, 5017, 5023, 5024, 5030, 5041, 5052, 5058)
(10899, 96, 5006, 5017, 5028)
(10900, 276, 5019, 5024, 5023, 5028, 5039, 5050)
(10901, 198, 5029, 5018, 5007)
(10902, 454, 5043, 5032, 5021, 5010, 5004)
(10903, 52, 5000, 5001, 5007, 5018, 5024, 5030, 5041, 5047)
(10904, 156, 5016, 5027, 5038, 5049, 5055)
(10905, 1, 5020, 5025, 5024, 5029, 5040, 5051, 5056)
(10906, 42, 5003, 5008, 5019, 5024, 5023, 5028, 5039)
(10907, 238, 5029, 5018, 5007, 5001)
(10908, 205, 5051, 5040, 5029, 5024, 5019)
(10909, 143, 5031, 5025, 5024, 5018, 5007, 5001)
(10910, 95, 5055, 5056, 5051, 5040, 5029, 5018, 5007)
(10911, 52, 5005, 5011, 5017, 5023, 5024, 5025, 5026, 5032, 5043, 5054)
(10912, 134, 5052, 5041, 5030, 5024, 5023, 5017, 5006, 5000)
(10913, 295, 5028, 5022, 5016, 5005)
(10914, 304, 5028, 5017, 5006)
(10915, 1, 5003, 5008, 5019, 5030, 5041)
(10916, 149, 5017, 5023, 5024, 5030, 5041, 5047)
(10917, 281, 5019, 5025, 5026, 5032, 5043)
(10918, 46, 5003, 5002, 5007, 5018, 5029, 5040)
(10919, 464, 5030, 5024, 5023, 5017, 5011, 5005)
(10920, 46, 5003, 5008, 5019, 5024, 5023, 5028, 5039, 5050)
(10921, 98, 5055, 5056, 5051, 5040, 5029, 5024, 5019, 5008)
(10922, 36, 5020, 5025, 5024, 5029, 5040, 5051, 5056)
(10923, 46, 5003, 5002, 5007, 5018, 5023, 5028, 5039, 5044, 5049)
(10924, 456, 5043, 5032, 5021, 5010, 5004)
(10925, 339, 5024, 5030, 5036, 5042, 5053)
(10926, 170, 5054, 5043, 5032)
(10927, 148, 5044, 5039, 5028, 5023, 5024, 5019, 5008, 5003)
(10928, 210, 5051, 5040, 5029, 5023, 5017)
(10929, 101, 5006, 5017, 5028, 5039, 5050)
(10930, 262, 5029, 5023, 5022, 5016, 5005)
(10931, 153, 5027, 5016, 5005)
(10932, 472, 5030, 5019, 5008)
(10933, 148, 5038, 5027, 5022, 5023, 5018, 5007)
(10934, 1, 5029, 5018, 5007)
(10935, 307, 5028, 5017, 5006)
(10936, 157, 5007, 5018, 5029, 5035)
(10937, 101, 5039, 5028, 5017, 5011)
(10938, 312, 5028, 5017, 5006)
(10939, 1, 5056, 5051, 5040, 5029, 5024, 5019)
(10940, 609, 5030, 5036, 5042, 5053)
(10941, 341, 5023, 5029, 5040, 5051, 5057)
(10942, 264, 5029, 5018, 5007, 5001, 5000)
(10943, 54, 5008, 5019, 5030, 5041)
(10944, 480, 5030, 5024, 5018, 5007, 5001)
(10945, 484, 5030, 5024, 5018, 5007, 5001, 5000)
(10946, 58, 5005, 5011, 5017, 5023, 5029, 5035, 5041, 5052, 5058)
(10947, 302, 5029, 5018, 5007, 5001)
(10948, 168, 5032, 5043, 5054)
(10949, 1, 5032, 5021, 5010)
(10950, 63, 5042, 5036, 5030, 5019)
(10951, 145, 5056, 5051, 5040, 5029, 5018)
(10952, 303, 5029, 5023, 5017, 5011, 5005)
(10953, 101, 5055, 5050, 5039, 5028, 5017, 5006, 5000)
(10954, 617, 5030, 5041, 5052)
(10955, 281, 5019, 5030, 5036, 5042)
(10956, 153, 5027, 5016, 5005)
(10957, 37, 5010, 5021, 5026, 5025, 5024, 5029, 5040, 5051, 5056, 5055)
(10958, 1, 5053, 5042, 5031)
(10959, 165, 5007, 5018, 5029, 5040, 5051, 5056, 5055)
(10960, 140, 5057, 5051, 5040, 5029)
(10961, 63, 5048, 5043, 5032, 5021, 5010, 5004)
(10962, 58, 5005, 5016, 5027)
(10963, 196, 5040, 5029, 5018, 5007, 5001, 5000)
(10964, 101, 5006, 5017, 5028, 5039, 5050)
(10965, 341, 5024, 5030, 5036, 5042, 5053)
(10966, 52, 5003, 5002, 5007, 5018, 5023, 5022, 5027, 5038, 5049)
(10967, 56, 5008, 5019, 5030, 5036)
(10968, 144, 5052, 5041, 5030, 5019, 5008, 5003)
(10969, 210, 5051, 5040, 5029, 5023, 5017, 5011)
(10970, 30, 5058, 5057, 5051, 5040, 5029, 5023, 5022)
(10971, 36, 5015, 5021, 5032, 5043, 5048, 5053)
(10972, 70, 5048, 5043, 5032, 5021, 5010)
(10973, 72, 5048, 5043, 5032, 5021, 5015)
(10974, 56, 5003, 5004, 5010, 5021, 5032)
(10975, 101, 5039, 5028, 5023, 5024, 5019, 5008, 5003)
(10976, 100, 5047, 5048, 5043, 5032, 5021, 5010)
(10977, 292, 5019, 5030, 5041)
(10978, 103, 5055, 5056, 5051, 5040, 5029, 5024, 5019, 5008, 5003, 5004)
(10979, 173, 5054, 5043, 5032)
(10980, 621, 5025, 5026, 5032, 5043, 5054)
(10981, 64, 5005, 5011, 5017, 5028, 5039)
(10982, 177, 5059, 5053, 5042, 5036, 5030)
(10983, 165, 5007, 5018, 5029, 5040, 5051, 5056)
(10984, 161, 5027, 5016, 5005)
(10985, 56, 5008, 5019, 5030, 5041, 5052, 5057)
(10986, 180, 5054, 5043, 5032, 5026, 5025, 5024, 5023, 5017, 5011, 5005)
(10987, 462, 5043, 5032, 5021, 5015)
(10988, 292, 5019, 5030, 5036, 5042)
(10989, 298, 5019, 5030, 5041, 5052, 5058)
(10990, 108, 5039, 5028, 5023, 5018, 5013, 5008, 5003)
(10991, 108, 5039, 5028, 5023, 5024, 5025, 5026, 5021, 5010)
(10992, 166, 5021, 5032, 5043, 5054)
(10993, 100, 5041, 5030, 5024, 5023, 5017, 5011, 5005)
(10994, 64, 5000, 5006, 5017, 5023, 5024, 5025, 5026, 5032, 5043, 5054)
(10995, 315, 5028, 5017, 5011, 5005)
(10996, 36, 5020, 5025, 5024, 5029, 5040, 5051)
(10997, 157, 5017, 5023, 5029, 5035, 5036, 5042, 5048)
(10998, 487, 5030, 5024, 5018, 5007, 5001)
(10999, 169, 5021, 5026, 5025, 5024, 5023, 5028, 5039, 5050, 5055)
(11000, 303, 5019, 5024, 5023, 5028, 5039, 5050)
(11001, 220, 5057, 5052, 5041, 5030, 5019, 5014)
(11002, 143, 5032, 5021, 5010)
(11003, 64, 5000, 5006, 5017, 5028, 5039, 5050)
(11004, 176, 5032, 5043, 5054)
(11005, 303, 5019, 5024, 5029, 5040, 5051)
(11006, 345, 5029, 5040, 5051)
(11007, 337, 5027, 5038, 5049)
(11008, 623, 5025, 5026, 5032, 5043, 5054)
(11009, 1, 5023, 5029, 5040, 5051, 5057)
(11010, 157, 5017, 5023, 5029, 5035, 5041, 5052, 5058, 5059)
(11011, 150, 5032, 5021, 5010)
(11012, 151, 5056, 5051, 5040, 5029, 5018)
(11013, 626, 5030, 5041, 5047, 5053)
(11014, 168, 5007, 5018, 5029, 5035)
(11015, 307, 5019, 5024, 5029, 5040, 5051)
(11016, 36, 5058, 5052, 5041, 5030)
(11017, 36, 5058, 5052, 5041, 5030, 5024, 5018)
(11018, 151, 5052, 5041, 5030, 5019, 5008, 5003)
(11019, 36, 5015, 5021, 5032, 5043)
(11020, 629, 5030, 5041, 5052)
(11021, 154, 5057, 5051, 5040, 5029, 5018, 5007, 5001)
(11022, 183, 5007, 5018, 5024, 5030, 5041, 5052, 5058)
(11023, 309, 5019, 5030, 5041)
(11024, 337, 5027, 5038, 5049)
(11025, 196, 5040, 5029, 5023, 5017)
(11026, 64, 5005, 5011, 5017, 5023, 5024, 5025, 5026, 5032, 5043)
(11027, 345, 5029, 5040, 5051)
(11028, 165, 5011, 5017, 5023, 5024, 5025, 5026, 5032, 5043, 5054)
(11029, 143, 5031, 5025, 5019, 5008)
(11030, 341, 5023, 5024, 5025, 5026, 5032, 5043, 5054)
(11031, 162, 5057, 5051, 5040, 5029)
(11032, 161, 5027, 5016, 5005)
(11033, 114, 5039, 5028, 5017, 5011, 5005)
(11034, 157, 5017, 5023, 5029, 5035, 5041, 5052, 5058, 5059)
(11035, 186, 5007, 5018, 5029, 5040)
(11036, 318, 5028, 5017, 5011, 5005)
(11037, 1, 5029, 5040, 5051)
(11038, 340, 5022, 5028, 5039, 5050, 5055)
(11039, 341, 5023, 5029, 5035, 5036, 5042, 5053)
(11040, 186, 5007, 5018, 5024, 5025, 5026, 5032, 5043)
(11041, 311, 5019, 5030, 5041, 5052)
(11042, 172, 5021, 5032, 5043, 5054)
(11043, 175, 5021, 5032, 5043, 5048, 5053)
(11044, 70, 5000, 5001, 5007, 5018, 5029, 5035, 5041)
(11045, 184, 5054, 5043, 5032, 5026, 5025)
(11046, 237, 5051, 5040, 5029, 5024, 5019, 5014)
(11047, 181, 5021, 5032, 5043, 5054)
(11048, 242, 5051, 5040, 5029, 5024, 5019, 5008, 5003, 5004)
(11049, 60, 5008, 5019, 5030)
(11050, 100, 5046, 5040, 5029, 5023, 5017, 5011, 5005)
(11051, 321, 5028, 5017, 5006, 5000)
(11052, 322, 5029, 5018, 5007)
(11053, 348, 5023, 5029, 5040, 5051)
(11054, 157, 5050, 5039, 5028)
(11055, 38, 5058, 5052, 5041, 5030, 5019, 5008)
(11056, 114, 5039, 5028, 5023, 5024, 5019, 5008)
(11057, 468, 5043, 5032, 5021, 5015)
(11058, 179, 5027, 5016, 5005)
(11059, 182, 5052, 5041, 5030, 5024)
(11060, 343, 5022, 5028, 5039, 5050, 5056, 5057, 5058)
(11061, 100, 5041, 5030, 5019, 5008, 5003, 5004)
(11062, 637, 5030, 5041, 5052)
(11063, 150, 5032, 5021, 5010, 5004)
(11064, 184, 5057, 5051, 5040, 5029, 5023, 5022)
(11065, 179, 5027, 5016, 5005)
(11066, 348, 5023, 5024, 5030, 5036, 5042, 5053)
(11067, 200, 5040, 5029, 5023, 5022, 5016)
(11068, 182, 5027, 5016, 5005)
(11069, 105, 5001, 5007, 5018, 5029, 5040)
(11070, 157, 5056, 5051, 5040, 5029, 5024, 5025, 5026, 5021, 5010)
(11071, 157, 5017, 5023, 5029, 5035, 5041, 5052)
(11072, 348, 5023, 5029, 5040, 5051, 5057)
(11073, 106, 5055, 5056, 5051, 5040, 5029, 5018, 5013)
(11074, 242, 5056, 5050, 5039, 5028, 5017, 5011, 5005)
(11075, 192, 5054, 5043, 5032, 5026, 5025)
(11076, 36, 5020, 5025, 5024, 5029, 5040, 5051, 5056)
(11077, 68, 5031, 5042, 5053)
(11078, 190, 5057, 5051, 5040, 5029, 5023, 5017, 5011)
(11079, 200, 5040, 5029, 5023, 5022, 5016)
(11080, 470, 5043, 5032, 5026, 5025, 5024, 5023, 5017, 5006)
(11081, 322, 5029, 5018, 5007, 5001)
(11082, 322, 5029, 5018, 5007)
(11083, 60, 5002, 5007, 5012, 5017, 5028, 5039)
(11084, 78, 5048, 5043, 5032, 5021, 5010)
(11085, 250, 5051, 5040, 5029, 5018, 5007)
(11086, 112, 5055, 5050, 5039, 5028, 5017)
(11087, 204, 5040, 5029, 5018, 5007)
(11088, 355, 5029, 5035, 5041, 5052, 5058, 5059)
(11089, 252, 5057, 5052, 5041, 5030, 5019, 5008, 5003, 5004)
(11090, 200, 5052, 5041, 5030, 5024, 5018, 5007, 5001)
(11091, 153, 5036, 5030, 5024, 5023, 5017, 5006)
(11092, 183, 5018, 5029, 5040)
(11093, 1, 5032, 5043, 5054)
(11094, 60, 5008, 5019, 5030, 5041, 5052)
(11095, 645, 5030, 5036, 5042, 5053)
(11096, 58, 5009, 5020, 5031)
(11097, 165, 5011, 5017, 5023, 5024, 5025, 5026, 5032, 5043, 5054)
(11098, 80, 5048, 5043, 5032, 5021, 5010)
(11099, 114, 5049, 5038, 5027)
(11100, 265, 5051, 5040, 5029, 5024, 5019, 5014)
(11101, 163, 5032, 5021, 5010)
(11102, 265, 5051, 5040, 5029, 5023, 5017, 5011)
(11103, 100, 5041, 5030, 5019, 5008, 5003, 5004)
(11104, 190, 5017, 5028, 5039)
(11105, 111, 5041, 5030, 5024, 5018)
(11106, 472, 5043, 5032, 5026, 5025, 5024, 5018, 5007, 5001)
(11107, 268, 5051, 5040, 5029, 5018, 5007, 5002)
(11108, 40, 5053, 5042, 5036, 5030, 5024, 5023)
(11109, 653, 5030, 5041, 5052)
(11110, 163, 5032, 5026, 5025, 5024, 5023, 5017, 5011, 5005)
(11111, 323, 5028, 5017, 5011, 5005)
(11112, 36, 5020, 5025, 5024, 5029, 5040, 5051, 5056)
(11113, 204, 5040, 5029, 5024, 5019, 5008, 5003)
(11114, 491, 5030, 5024, 5018, 5007, 5001, 5000)
(11115, 184, 5021, 5026, 5025, 5024, 5029, 5040, 5051, 5056)
(11116, 190, 5017, 5023, 5029, 5040)
(11117, 325, 5028, 5017, 5006, 5000)
(11118, 121, 5039, 5028, 5017, 5011)
(11119, 187, 5021, 5032, 5043, 5054)
(11120, 206, 5052, 5041, 5030, 5024, 5023, 5017)
(11121, 121, 5039, 5028, 5017, 5012, 5007)
(11122, 186, 5027, 5016, 5005)
(11123, 656, 5030, 5041, 5052)
(11124, 204, 5040, 5029, 5018, 5007, 5001)
(11125, 176, 5032, 5043, 5054)
(11126, 82, 5026, 5032, 5043, 5054)
(11127, 156, 5031, 5025, 5024, 5023, 5017, 5011, 5005)
(11128, 361, 5028, 5039, 5050)
(11129, 204, 5027, 5016, 5005)
(11130, 193, 5021, 5026, 5025, 5024, 5029, 5040, 5051, 5056, 5055)
(11131, 216, 5040, 5029, 5023, 5017, 5011, 5005)
(11132, 326, 5029, 5018, 5007, 5001)
(11133, 326, 5029, 5023, 5017, 5011, 5005)
(11134, 271, 5056, 5050, 5039, 5028)
(11135, 190, 5017, 5028, 5039)
(11136, 211, 5052, 5041, 5030, 5019, 5008, 5003)
(11137, 70, 5005, 5016, 5022, 5023, 5029, 5035, 5036, 5042)
(11138, 156, 5036, 5030, 5024, 5023, 5017, 5006)
(11139, 111, 5041, 5030, 5024, 5018, 5007, 5001, 5000)
(11140, 156, 5038, 5027, 5016)
(11141, 86, 5042, 5031, 5025, 5024, 5023, 5017, 5011, 5005)
(11142, 111, 5041, 5030, 5024, 5018, 5007)
(11143, 660, 5025, 5026, 5032, 5043, 5054)
(11144, 315, 5019, 5025, 5026, 5032, 5043)
(11145, 1, 5024, 5030, 5041, 5052)
(11146, 111, 5006, 5017, 5023, 5029, 5035, 5041)
(11147, 58, 5004, 5010, 5021, 5032, 5043, 5048)
(11148, 190, 5017, 5028, 5039, 5050)
(11149, 274, 5051, 5040, 5029, 5023, 5017, 5011)
(11150, 62, 5008, 5019, 5030, 5041, 5052)
(11151, 114, 5049, 5038, 5027)
(11152, 328, 5028, 5017, 5006)
(11153, 663, 5030, 5041, 5052)
(11154, 196, 5021, 5032, 5043, 5054)
(11155, 114, 5049, 5038, 5027)
(11156, 87, 5031, 5042, 5053)
(11157, 199, 5021, 5026, 5025, 5024, 5029, 5040, 5051)
(11158, 183, 5012, 5017, 5028, 5039, 5050, 5055)
(11159, 196, 5007, 5018, 5029)
(11160, 67, 5004, 5010, 5021, 5032, 5043, 5054)
(11161, 160, 5056, 5057, 5058, 5053, 5048, 5043, 5032, 5021)
(11162, 202, 5007, 5018, 5029)
(11163, 208, 5017, 5023, 5024, 5025, 5026, 5032, 5043)
(11164, 73, 5003, 5002, 5007, 5018, 5029, 5034, 5039)
(11165, 114, 5055, 5050, 5039, 5028, 5023, 5024, 5025, 5026, 5021)
(11166, 329, 5029, 5018, 5007, 5001, 5000)
(11167, 70, 5000, 5001, 5007, 5018, 5024, 5025, 5026, 5032)
(11168, 671, 5025, 5026, 5032, 5043, 5054)
(11169, 87, 5026, 5032, 5043, 5048, 5053)
(11170, 37, 5010, 5021, 5032, 5043, 5048)
(11171, 86, 5042, 5031, 5025, 5024, 5023, 5017, 5011)
(11172, 375, 5028, 5039, 5050)
(11173, 329, 5029, 5018, 5007, 5001)
(11174, 346, 5022, 5023, 5024, 5030, 5036, 5042, 5053)
(11175, 1, 5032, 5021, 5010, 5004)
(11176, 165, 5016, 5027, 5038)
(11177, 196, 5054, 5043, 5032, 5026, 5025, 5024, 5023, 5022, 5016, 5005)
(11178, 674, 5025, 5026, 5032, 5043, 5054)
(11179, 202, 5007, 5018, 5029)
(11180, 66, 5008, 5019, 5024, 5029, 5040)
(11181, 66, 5008, 5019, 5024, 5023, 5028, 5039, 5050)
(11182, 160, 5038, 5027, 5016)
(11183, 475, 5043, 5032, 5026, 5025, 5019)
(11184, 167, 5016, 5022, 5023, 5029, 5040, 5051, 5057)
(11185, 173, 5011, 5017, 5028, 5039, 5045, 5051, 5057)
(11186, 494, 5030, 5024, 5018, 5007)
(11187, 330, 5028, 5022, 5016, 5005)
(11188, 111, 5001, 5007, 5018, 5024, 5025, 5026, 5032, 5043)
(11189, 173, 5016, 5022, 5028, 5039, 5045, 5046)
(11190, 116, 5055, 5056, 5051, 5040, 5029, 5024, 5025, 5026, 5021)
(11191, 70, 5005, 5016, 5027, 5038, 5049)
(11192, 329, 5029, 5018, 5007, 5001)
(11193, 73, 5005, 5016, 5027)
(11194, 73, 5003, 5002, 5007, 5018, 5029, 5040)
(11195, 111, 5041, 5030, 5024, 5023, 5017, 5011, 5005)
(11196, 47, 5020, 5031, 5042, 5048, 5054)
(11197, 1, 5020, 5025, 5024, 5029, 5040, 5051, 5056, 5055)
(11198, 1, 5020, 5025, 5030, 5041, 5052)
(11199, 87, 5026, 5032, 5043, 5054)
(11200, 202, 5021, 5032, 5043, 5054)
(11201, 159, 5031, 5025, 5024, 5018, 5007)
(11202, 315, 5019, 5030, 5036, 5042)
(11203, 377, 5023, 5029, 5040, 5051, 5057, 5058)
(11204, 127, 5039, 5028, 5023, 5018, 5007, 5002, 5003)
(11205, 89, 5031, 5042, 5048, 5054)
(11206, 209, 5001, 5006, 5017, 5028, 5039, 5050)
(11207, 73, 5003, 5008, 5019, 5030, 5041)
(11208, 478, 5043, 5032, 5026, 5025, 5024, 5023, 5017, 5011)
(11209, 73, 5005, 5011, 5017, 5023, 5024, 5025, 5026, 5032, 5043, 5054)
(11210, 37, 5010, 5021, 5032, 5043)
(11211, 216, 5040, 5029, 5018, 5013, 5008)
(11212, 332, 5029, 5023, 5022, 5016, 5005)
(11213, 93, 5026, 5032, 5043, 5054)
(11214, 173, 5011, 5017, 5028, 5034, 5035, 5041)
(11215, 125, 5046, 5040, 5029, 5023, 5017, 5011)
(11216, 205, 5021, 5032, 5043, 5054)
(11217, 1, 5041, 5030, 5024, 5023, 5017)
(11218, 208, 5017, 5023, 5029, 5035, 5041)
(11219, 125, 5041, 5036, 5031, 5026, 5021, 5010, 5004)
(11220, 40, 5053, 5048, 5043, 5032, 5021)
(11221, 377, 5023, 5024, 5025, 5026, 5032, 5043, 5054)
(11222, 173, 5011, 5017, 5028, 5039, 5045, 5046)
(11223, 1, 5032, 5043, 5054)
(11224, 213, 5057, 5051, 5040, 5029, 5023, 5022)
(11225, 336, 5028, 5017, 5011, 5005)
(11226, 204, 5054, 5043, 5032, 5026, 5025, 5024, 5023, 5022, 5016, 5005)
(11227, 163, 5056, 5051, 5040, 5029, 5018, 5013, 5008, 5003)
(11228, 176, 5032, 5043, 5054)
(11229, 381, 5023, 5024, 5030, 5041, 5052)
(11230, 163, 5032, 5026, 5025, 5024, 5018, 5007)
(11231, 93, 5026, 5032, 5043, 5054)
(11232, 321, 5019, 5030, 5036, 5042)
(11233, 122, 5055, 5056, 5051, 5040, 5029, 5018, 5007, 5002)
(11234, 208, 5021, 5032, 5043, 5048, 5053)
(11235, 128, 5055, 5050, 5039, 5028, 5017, 5012, 5013, 5008, 5003)
(11236, 159, 5031, 5025, 5019, 5008, 5003)
(11237, 355, 5029, 5035, 5041, 5052, 5058)
(11238, 204, 5027, 5016, 5005)
(11239, 173, 5038, 5027, 5022, 5023, 5018, 5013, 5008, 5003)
(11240, 502, 5030, 5024, 5023, 5017, 5011, 5005)
(11241, 211, 5021, 5026, 5025, 5024, 5023, 5028, 5039, 5050)
(11242, 214, 5021, 5032, 5037, 5042, 5053)
(11243, 213, 5007, 5012, 5017, 5028, 5039)
(11244, 176, 5032, 5043, 5054)
(11245, 383, 5028, 5039, 5050)
(11246, 1, 5032, 5026, 5025, 5024, 5018, 5007, 5001)
(11247, 219, 5007, 5018, 5029, 5040)
(11248, 40, 5053, 5042, 5031)
(11249, 47, 5020, 5031, 5042, 5048)
(11250, 110, 5031, 5042, 5053, 5059)
(11251, 224, 5007, 5018, 5024, 5030, 5041, 5052, 5058)
(11252, 47, 5020, 5025, 5030, 5041, 5052, 5057)
(11253, 115, 5001, 5007, 5018, 5029, 5040)
(11254, 76, 5005, 5011, 5017, 5023, 5029, 5040)
(11255, 118, 5001, 5007, 5018, 5029)
(11256, 193, 5018, 5029, 5035, 5041, 5047, 5053)
(11257, 224, 5007, 5018, 5029, 5040, 5051)
(11258, 362, 5024, 5025, 5026, 5032, 5043, 5054)
(11259, 221, 5057, 5051, 5040, 5029, 5023, 5017, 5011)
(11260, 1, 5017, 5023, 5029, 5035, 5036, 5042)
(11261, 130, 5055, 5056, 5051, 5040, 5029, 5018, 5007, 5002, 5003)
(11262, 69, 5008, 5019, 5025, 5026, 5032, 5043, 5048, 5053)
(11263, 274, 5051, 5040, 5029, 5018, 5013, 5014)
(11264, 181, 5044, 5039, 5028, 5017, 5006)
(11265, 680, 5030, 5041, 5052)
(11266, 46, 5058, 5052, 5041, 5030, 5019, 5008)
(11267, 110, 5031, 5042, 5053)
(11268, 212, 5054, 5043, 5032, 5026, 5025, 5024, 5023, 5022)
(11269, 684, 5025, 5026, 5032, 5043, 5054)
(11270, 686, 5025, 5026, 5032, 5043, 5054)
(11271, 216, 5040, 5029, 5018, 5007, 5001)
(11272, 136, 5055, 5056, 5051, 5040, 5029, 5018)
(11273, 215, 5054, 5043, 5032, 5026, 5025)
(11274, 37, 5010, 5021, 5026, 5025, 5024, 5029, 5040, 5051, 5056)
(11275, 181, 5044, 5039, 5028, 5023, 5018, 5007)
(11276, 688, 5025, 5026, 5032, 5043, 5054)
(11277, 362, 5029, 5040, 5051, 5057)
(11278, 159, 5031, 5025, 5024, 5018, 5007)
(11279, 480, 5043, 5032, 5026, 5025, 5024, 5023, 5017, 5011, 5005)
(11280, 110, 5026, 5032, 5043, 5054)
(11281, 86, 5042, 5031, 5025, 5024, 5018, 5007)
(11282, 218, 5054, 5043, 5032, 5021, 5010, 5004)
(11283, 47, 5020, 5025, 5024, 5023, 5028, 5039, 5050, 5055)
(11284, 69, 5008, 5019, 5025, 5026, 5032)
(11285, 491, 5043, 5032, 5026, 5025, 5024, 5018, 5007)
(11286, 127, 5039, 5028, 5017, 5012, 5013, 5008, 5003)
(11287, 46, 5058, 5057, 5051, 5040, 5029, 5018)
(11288, 173, 5032, 5021, 5010, 5004)
(11289, 110, 5031, 5042, 5053, 5059)
(11290, 173, 5032, 5021, 5010)
(11291, 222, 5054, 5043, 5032, 5026, 5025, 5024, 5023, 5017, 5006, 5000)
(11292, 71, 5008, 5014, 5015, 5021, 5032, 5043)
(11293, 86, 5047, 5041, 5030, 5024, 5023, 5017, 5011)
(11294, 342, 5028, 5017, 5006)
(11295, 216, 5040, 5029, 5018, 5007, 5001)
(11296, 389, 5023, 5029, 5035, 5041, 5052)
(11297, 321, 5019, 5024, 5029, 5040, 5051)
(11298, 139, 5055, 5050, 5039, 5028, 5017, 5006)
(11299, 217, 5021, 5032, 5043, 5048, 5053)
(11300, 327, 5019, 5025, 5026, 5032, 5043, 5054)
(11301, 505, 5030, 5024, 5023, 5022, 5016, 5005)
(11302, 225, 5058, 5053, 5048, 5043, 5032, 5021)
(11303, 76, 5005, 5011, 5017, 5023, 5029, 5035)
(11304, 345, 5028, 5017, 5011, 5005)
(11305, 82, 5005, 5016, 5027, 5038)
(11306, 190, 5032, 5043, 5054)
(11307, 181, 5038, 5027, 5016)
(11308, 327, 5019, 5025, 5026, 5032, 5043, 5054)
(11309, 185, 5044, 5039, 5028, 5023, 5024, 5019, 5008, 5003)
(11310, 359, 5029, 5018, 5007)
(11311, 145, 5055, 5050, 5039, 5028, 5017, 5006, 5000)
(11312, 225, 5052, 5041, 5030)
(11313, 46, 5058, 5057, 5051, 5040, 5029)
(11314, 227, 5001, 5006, 5017, 5028, 5039, 5050)
(11315, 513, 5030, 5019, 5008)
(11316, 517, 5030, 5019, 5008)
(11317, 162, 5031, 5025, 5024, 5023, 5017, 5011, 5005)
(11318, 47, 5020, 5031, 5042, 5048)
(11319, 231, 5052, 5041, 5030)
(11320, 225, 5054, 5043, 5032, 5021, 5010)
(11321, 37, 5010, 5021, 5032, 5043, 5054)
(11322, 185, 5038, 5027, 5016, 5005)
(11323, 165, 5036, 5030, 5019, 5008)
(11324, 181, 5011, 5017, 5028, 5039, 5050)
(11325, 234, 5052, 5041, 5030)
(11326, 284, 5051, 5040, 5029)
(11327, 1, 5020, 5025, 5024, 5029, 5040, 5051, 5056)
(11328, 333, 5019, 5030, 5041, 5052, 5058)
(11329, 210, 5027, 5016, 5005)
(11330, 233, 5054, 5043, 5032, 5026, 5025, 5024, 5018, 5007)
(11331, 236, 5054, 5043, 5032, 5026, 5025, 5019, 5008)
(11332, 359, 5029, 5018, 5007)
(11333, 347, 5028, 5017, 5011, 5005)
(11334, 125, 5041, 5036, 5031, 5026, 5021, 5010)
(11335, 237, 5057, 5051, 5040, 5029, 5018, 5007, 5001)
(11336, 193, 5018, 5029, 5040)
(11337, 1, 5032, 5043, 5054)
(11338, 152, 5055, 5050, 5039, 5028, 5017, 5012, 5013)
(11339, 368, 5029, 5018, 5007, 5001)
(11340, 133, 5039, 5028, 5023, 5018, 5007)
(11341, 221, 5040, 5029, 5018, 5007)
(11342, 362, 5024, 5025, 5026, 5032, 5043, 5054)
(11343, 1, 5015, 5021, 5032, 5043)
(11344, 82, 5005, 5016, 5027, 5033, 5039)
(11345, 121, 5001, 5007, 5018, 5029)
(11346, 154, 5049, 5038, 5027, 5022, 5017)
(11347, 168, 5036, 5030, 5024, 5023, 5017, 5011, 5005)
(11348, 207, 5032, 5026, 5025, 5024, 5018, 5007)
(11349, 245, 5052, 5041, 5030, 5024, 5023, 5017, 5011)
(11350, 333, 5019, 5024, 5029, 5040, 5051, 5056)
(11351, 85, 5005, 5016, 5022, 5023, 5029, 5040, 5051)
(11352, 239, 5054, 5043, 5032, 5021, 5010, 5004)
(11353, 220, 5021, 5026, 5025, 5024, 5029, 5040, 5051)
(11354, 247, 5052, 5041, 5030, 5019)
(11355, 73, 5008, 5019, 5030, 5036)
(11356, 124, 5006, 5017, 5028, 5039)
(11357, 284, 5051, 5040, 5029, 5023, 5022, 5016, 5005)
(11358, 124, 5001, 5007, 5018, 5029, 5035, 5036)
(11359, 189, 5038, 5027, 5022, 5023, 5018, 5007)
(11360, 368, 5029, 5018, 5007)
(11361, 337, 5019, 5030, 5041, 5052)
(11362, 494, 5043, 5032, 5021, 5010, 5004, 5003)
(11363, 352, 5022, 5023, 5024, 5030, 5041, 5052)
(11364, 1, 5017, 5023, 5029, 5035, 5036, 5042)
(11365, 221, 5040, 5029, 5018, 5007)
(11366, 242, 5007, 5018, 5029, 5040, 5051)
(11367, 135, 5039, 5028, 5017)
(11368, 44, 5004, 5003, 5002, 5007, 5018, 5029, 5040)
(11369, 207, 5032, 5026, 5025, 5024, 5018, 5007)
(11370, 694, 5030, 5041, 5052)
(11371, 242, 5054, 5043, 5032, 5026, 5025, 5024, 5018, 5007, 5001, 5000)
(11372, 344, 5019, 5025, 5026, 5032, 5043)
(11373, 125, 5046, 5040, 5029, 5018, 5007, 5001)
(11374, 139, 5039, 5028, 5022, 5016)
(11375, 193, 5038, 5027, 5016)
(11376, 190, 5032, 5043, 5054)
(11377, 139, 5039, 5034, 5029, 5024, 5019, 5008, 5003, 5004)
(11378, 344, 5019, 5030, 5036, 5042, 5053)
(11379, 242, 5007, 5018, 5029)
(11380, 230, 5040, 5029, 5023, 5017)
(11381, 203, 5018, 5029, 5040)
(11382, 355, 5019, 5024, 5029, 5040, 5051)
(11383, 253, 5007, 5018, 5024, 5025, 5026, 5032)
(11384, 195, 5032, 5043, 5054)
(11385, 226, 5021, 5032, 5043)
(11386, 497, 5043, 5032, 5026, 5025, 5024, 5018, 5007)
(11387, 154, 5049, 5038, 5027)
(11388, 166, 5050, 5039, 5028, 5017)
(11389, 207, 5032, 5021, 5010, 5004, 5003)
(11390, 73, 5002, 5007, 5018, 5029, 5040)
(11391, 203, 5018, 5029, 5040, 5051, 5056)
(11392, 207, 5032, 5026, 5025, 5024, 5018, 5007, 5001)
(11393, 208, 5017, 5028, 5039, 5050, 5056)
(11394, 88, 5005, 5011, 5017, 5023, 5024, 5030, 5036, 5042)
(11395, 375, 5024, 5025, 5026, 5032, 5043, 5054)
(11396, 355, 5027, 5038, 5049)
(11397, 216, 5018, 5029, 5035, 5041)
(11398, 355, 5022, 5023, 5029, 5035, 5041, 5052, 5058)
(11399, 75, 5003, 5002, 5007, 5018, 5029, 5040, 5051)
(11400, 208, 5017, 5023, 5024, 5025, 5026, 5032, 5043)
(11401, 86, 5042, 5031, 5025, 5024, 5018)
(11402, 1, 5020, 5025, 5024, 5029, 5040, 5051, 5056, 5055)
(11403, 216, 5018, 5029, 5035, 5036, 5042, 5053)
(11404, 127, 5006, 5017, 5028, 5039, 5050, 5055)
(11405, 197, 5038, 5027, 5022, 5023, 5024, 5019, 5008, 5003, 5004)
(11406, 245, 5054, 5043, 5032, 5026, 5025, 5019)
(11407, 73, 5008, 5019, 5030, 5041)
(11408, 142, 5039, 5028, 5023, 5024, 5019, 5008, 5003)
(11409, 166, 5056, 5051, 5040, 5029, 5024, 5025, 5026, 5021, 5015)
(11410, 248, 5054, 5043, 5032, 5026, 5025, 5024)
(11411, 214, 5027, 5016, 5005)
(11412, 137, 5041, 5030, 5019, 5008, 5003, 5004)
(11413, 54, 5058, 5057, 5051, 5040, 5029, 5023, 5022)
(11414, 142, 5039, 5028, 5017, 5006, 5001)
(11415, 506, 5043, 5032, 5021, 5010, 5004)
(11416, 375, 5024, 5030, 5041, 5047, 5053)
(11417, 79, 5003, 5008, 5019, 5024, 5029, 5040, 5051)
(11418, 286, 5051, 5040, 5029, 5023, 5017, 5011)
(11419, 175, 5056, 5051, 5040, 5029, 5018, 5007, 5002, 5003)
(11420, 181, 5016, 5027, 5038)
(11421, 127, 5006, 5017, 5028, 5039)
(11422, 137, 5041, 5030, 5024, 5023, 5017, 5006, 5000)
(11423, 53, 5010, 5021, 5032, 5043, 5048)
(11424, 361, 5022, 5023, 5024, 5025, 5026, 5032, 5043, 5054)
(11425, 145, 5039, 5028, 5017, 5011)
(11426, 145, 5039, 5028, 5017)
(11427, 520, 5030, 5024, 5018, 5007)
(11428, 216, 5018, 5029, 5035, 5041)
(11429, 180, 5036, 5030, 5024, 5018, 5007)
(11430, 216, 5027, 5016, 5005)
(11431, 508, 5043, 5032, 5021, 5010)
(11432, 131, 5001, 5007, 5018, 5029, 5040, 5051, 5056, 5055)
(11433, 235, 5040, 5029, 5023, 5017, 5011)
(11434, 199, 5032, 5043, 5054)
(11435, 76, 5008, 5019, 5030)
(11436, 1, 5018, 5029, 5040, 5051, 5056, 5055)
(11437, 218, 5032, 5021, 5010)
(11438, 88, 5005, 5011, 5017, 5028, 5034, 5035, 5041)
(11439, 253, 5007, 5018, 5029)
(11440, 199, 5032, 5043, 5054)
(11441, 91, 5005, 5016, 5027, 5038)
(11442, 232, 5021, 5032, 5043)
(11443, 110, 5031, 5042, 5053, 5059)
(11444, 94, 5042, 5036, 5030, 5024, 5018, 5007, 5001)
(11445, 349, 5028, 5017, 5006)
(11446, 134, 5006, 5017, 5028, 5039, 5050)
(11447, 216, 5018, 5029, 5035, 5041)
(11448, 91, 5005, 5016, 5022, 5023, 5029, 5040, 5051, 5057, 5058)
(11449, 186, 5036, 5030, 5024, 5023, 5017, 5006, 5000)
(11450, 251, 5059, 5053, 5042, 5036, 5030, 5024, 5023, 5017, 5011, 5005)
(11451, 235, 5040, 5029, 5024, 5019, 5008, 5003)
(11452, 151, 5039, 5028, 5023, 5024, 5019, 5008, 5003)
(11453, 216, 5027, 5016, 5005)
(11454, 201, 5032, 5043, 5054)
(11455, 364, 5022, 5023, 5029, 5035, 5041, 5052, 5058)
(11456, 378, 5029, 5023, 5017, 5011, 5005)
(11457, 355, 5019, 5030, 5041)
(11458, 94, 5042, 5036, 5030, 5024, 5023, 5017, 5011)
(11459, 94, 5042, 5036, 5030, 5019)
(11460, 370, 5022, 5023, 5029, 5040, 5051)
(11461, 137, 5041, 5030, 5024, 5018, 5007, 5001)
(11462, 201, 5038, 5027, 5022, 5023, 5024, 5019, 5008)
(11463, 378, 5029, 5018, 5007, 5001)
(11464, 389, 5028, 5039, 5050)
(11465, 250, 5052, 5041, 5030, 5024, 5018)
(11466, 219, 5027, 5016, 5005)
(11467, 209, 5044, 5039, 5034, 5029, 5024, 5019, 5008)
(11468, 361, 5019, 5025, 5031, 5042)
(11469, 154, 5055, 5050, 5039, 5028, 5017)
(11470, 47, 5020, 5025, 5024, 5023, 5028, 5039, 5050, 5055)
(11471, 76, 5002, 5007, 5018, 5029, 5040, 5051, 5056, 5055)
(11472, 221, 5018, 5024, 5030, 5041)
(11473, 139, 5041, 5030, 5024, 5023, 5017, 5006)
(11474, 253, 5052, 5041, 5030, 5024, 5023, 5022)
(11475, 260, 5007, 5018, 5024, 5030)
(11476, 193, 5036, 5030, 5019, 5008)
(11477, 156, 5049, 5038, 5027, 5016)
(11478, 53, 5010, 5021, 5032, 5043, 5054)
(11479, 238, 5021, 5032, 5043)
(11480, 528, 5030, 5024, 5018, 5007, 5001)
(11481, 391, 5023, 5029, 5035, 5041, 5052)
(11482, 79, 5009, 5020, 5031, 5042, 5053, 5059)
(11483, 291, 5056, 5050, 5039, 5028, 5017, 5006, 5000)
(11484, 241, 5021, 5026, 5025, 5024, 5029, 5040, 5051, 5056)
(11485, 151, 5039, 5028, 5017, 5006, 5000)
(11486, 209, 5038, 5027, 5016)
(11487, 391, 5023, 5029, 5035, 5041, 5052)
(11488, 79, 5003, 5008, 5019, 5030, 5041)
(11489, 221, 5018, 5029, 5040)
(11490, 514, 5043, 5032, 5026, 5025, 5024, 5023, 5017)
(11491, 81, 5003, 5008, 5019, 5024, 5029, 5040, 5051)
(11492, 1, 5032, 5021, 5010, 5004)
(11493, 85, 5003, 5008, 5019, 5024, 5023, 5022, 5027, 5038)
(11494, 138, 5006, 5017, 5028)
(11495, 257, 5052, 5041, 5030, 5025, 5026, 5021)
(11496, 222, 5027, 5016, 5005)
(11497, 76, 5008, 5019, 5030, 5036)
(11498, 244, 5021, 5026, 5025, 5024, 5029, 5040, 5051, 5056)
(11499, 400, 5023, 5024, 5025, 5026, 5032, 5043, 5054)
(11500, 400, 5023, 5024, 5025, 5026, 5032, 5043, 5054)
(11501, 181, 5016, 5027, 5038)
(11502, 85, 5003, 5008, 5019, 5024, 5023, 5028, 5039, 5044)
(11503, 247, 5021, 5032, 5043, 5054)
(11504, 87, 5003, 5008, 5019, 5024, 5023, 5028, 5039, 5044)
(11505, 218, 5032, 5021, 5010, 5004)
(11506, 250, 5021, 5032, 5043)
(11507, 222, 5027, 5016, 5005)
(11508, 139, 5046, 5040, 5029, 5023, 5022, 5016, 5005)
(11509, 378, 5029, 5018, 5007)
(11510, 138, 5001, 5007, 5018, 5024, 5030, 5041, 5052)
(11511, 189, 5011, 5017, 5023, 5029, 5040, 5051)
(11512, 294, 5051, 5040, 5029, 5018, 5007)
(11513, 201, 5032, 5043, 5054)
(11514, 196, 5036, 5030, 5024, 5018, 5007, 5001, 5000)
(11515, 379, 5027, 5038, 5049)
(11516, 218, 5032, 5021, 5010, 5004)
(11517, 183, 5056, 5057, 5052, 5041, 5030, 5019, 5008, 5003)
(11518, 535, 5030, 5024, 5018, 5007, 5001)
(11519, 400, 5023, 5024, 5025, 5026, 5032, 5043, 5054)
(11520, 379, 5022, 5023, 5024, 5025, 5026, 5032, 5043, 5054)
(11521, 149, 5001, 5007, 5018, 5029, 5040, 5051, 5056)
(11522, 260, 5007, 5018, 5024, 5025, 5026, 5032)
(11523, 352, 5028, 5022, 5016, 5005)
(11524, 1, 5041, 5030, 5024, 5018, 5007, 5001)
(11525, 203, 5032, 5043, 5054)
(11526, 82, 5008, 5019, 5030, 5041, 5047)
(11527, 263, 5007, 5018, 5023, 5022, 5027, 5038)
(11528, 224, 5027, 5016, 5005)
(11529, 236, 5018, 5024, 5025, 5026, 5032, 5043, 5054)
(11530, 139, 5041, 5030, 5024, 5018, 5007, 5001)
(11531, 406, 5028, 5039, 5050)
(11532, 127, 5026, 5032, 5043, 5048, 5053)
(11533, 254, 5054, 5043, 5032, 5026, 5025)
(11534, 262, 5054, 5043, 5032, 5021, 5015)
(11535, 199, 5036, 5030, 5019, 5008, 5003)
(11536, 202, 5036, 5030, 5024, 5023, 5017, 5011, 5005)
(11537, 263, 5007, 5018, 5029, 5040)
(11538, 361, 5019, 5025, 5026, 5032, 5043, 5054)
(11539, 235, 5040, 5029, 5018, 5007, 5001)
(11540, 189, 5011, 5017, 5023, 5029, 5040, 5051, 5057)
(11541, 270, 5007, 5018, 5029)
(11542, 516, 5043, 5032, 5021, 5010)
(11543, 203, 5032, 5043, 5054)
(11544, 186, 5050, 5039, 5028)
(11545, 211, 5017, 5023, 5024, 5030, 5036, 5042)
(11546, 518, 5043, 5032, 5026, 5025, 5024, 5018, 5007)
(11547, 186, 5056, 5051, 5040, 5029, 5024, 5019, 5008, 5003)
(11548, 82, 5008, 5019, 5030)
(11549, 239, 5040, 5029, 5018, 5007, 5001)
(11550, 139, 5041, 5030, 5019)
(11551, 226, 5032, 5021, 5010, 5004, 5003)
(11552, 53, 5004, 5003, 5008, 5019, 5030, 5041, 5046)
(11553, 355, 5028, 5017, 5006)
(11554, 226, 5032, 5026, 5025, 5024, 5023, 5017, 5011, 5005)
(11555, 155, 5006, 5017, 5028, 5039, 5050)
(11556, 270, 5054, 5043, 5032, 5021, 5015)
(11557, 156, 5055, 5050, 5039, 5028, 5017, 5006)
(11558, 54, 5058, 5052, 5041, 5030, 5019, 5008)
(11559, 211, 5017, 5028, 5039, 5050)
(11560, 294, 5056, 5050, 5039, 5028, 5022)
(11561, 53, 5020, 5025, 5024, 5023, 5028, 5039, 5050)
(11562, 385, 5022, 5023, 5029, 5040, 5051)
(11563, 165, 5039, 5028, 5017)
(11564, 54, 5053, 5042, 5031)
(11565, 377, 5029, 5040, 5051, 5057, 5058)
(11566, 227, 5027, 5016, 5005)
(11567, 155, 5001, 5007, 5018, 5029, 5040, 5051)
(11568, 96, 5008, 5014, 5020, 5031)
(11569, 278, 5054, 5043, 5032)
(11570, 204, 5050, 5039, 5028, 5017, 5006)
(11571, 53, 5015, 5021, 5032, 5043)
(11572, 205, 5036, 5030, 5019, 5008, 5003)
(11573, 358, 5028, 5022, 5016, 5005)
(11574, 96, 5008, 5014, 5015, 5021, 5032, 5043, 5054)
(11575, 259, 5052, 5041, 5030, 5019)
(11576, 367, 5019, 5024, 5029, 5040, 5051)
(11577, 297, 5051, 5040, 5029, 5024, 5019)
(11578, 282, 5054, 5043, 5032)
(11579, 189, 5011, 5017, 5023, 5024, 5025, 5026, 5032, 5043)
(11580, 1, 5041, 5030, 5019, 5008, 5003, 5004)
(11581, 411, 5023, 5029, 5040, 5051)
(11582, 193, 5016, 5022, 5023, 5029, 5040, 5051)
(11583, 391, 5022, 5023, 5029, 5035, 5036, 5042, 5053)
(11584, 538, 5030, 5024, 5018, 5007, 5001)
(11585, 290, 5054, 5043, 5032, 5026, 5025, 5024, 5023, 5022, 5016)
(11586, 411, 5028, 5039, 5050)
(11587, 261, 5052, 5041, 5030)
(11588, 541, 5030, 5019, 5008)
(11589, 521, 5043, 5032, 5026, 5025, 5024, 5023, 5017)
(11590, 94, 5005, 5016, 5022, 5023, 5024, 5030, 5036, 5042)
(11591, 220, 5032, 5043, 5054)
(11592, 243, 5040, 5029, 5024, 5019, 5008, 5003)
(11593, 237, 5032, 5021, 5010)
(11594, 54, 5058, 5057, 5051, 5040, 5029, 5018)
(11595, 391, 5029, 5018, 5007, 5001)
(11596, 193, 5016, 5027, 5038)
(11597, 391, 5029, 5018, 5007, 5001)
(11598, 148, 5041, 5030, 5024, 5023, 5017, 5006)
(11599, 148, 5041, 5030, 5024, 5023, 5017, 5006, 5000)
(11600, 527, 5043, 5032, 5021, 5015)
(11601, 249, 5040, 5029, 5018, 5007, 5002)
(11602, 58, 5010, 5021, 5032)
(11603, 148, 5041, 5030, 5024, 5018, 5007)
(11604, 148, 5041, 5030, 5024, 5018, 5007)
(11605, 418, 5028, 5039, 5050, 5056, 5057, 5058)
(11606, 97, 5005, 5016, 5027, 5038)
(11607, 220, 5017, 5023, 5024, 5030, 5041)
(11608, 165, 5039, 5028, 5017, 5011)
(11609, 270, 5007, 5018, 5024, 5025, 5026, 5032)
(11610, 1, 5018, 5029, 5035, 5041)
(11611, 394, 5022, 5028, 5039, 5050)
(11612, 161, 5006, 5017, 5028, 5039)
(11613, 161, 5006, 5017, 5022, 5027, 5038)
(11614, 100, 5005, 5011, 5017, 5023, 5029)
(11615, 364, 5028, 5017, 5006)
(11616, 372, 5019, 5024, 5029, 5040, 5051, 5056, 5055)
(11617, 127, 5026, 5032, 5043, 5048, 5053)
(11618, 243, 5032, 5026, 5025, 5019, 5008)
(11619, 426, 5028, 5039, 5050)
(11620, 432, 5028, 5039, 5050)
(11621, 100, 5005, 5011, 5017, 5023, 5029)
(11622, 435, 5023, 5029, 5040, 5051, 5057)
(11623, 267, 5052, 5041, 5030, 5024, 5018, 5007)
(11624, 544, 5030, 5024, 5023, 5017, 5006)
(11625, 204, 5056, 5057, 5052, 5041, 5030, 5019, 5014)
(11626, 220, 5017, 5028, 5039, 5050)
(11627, 529, 5043, 5032, 5026, 5025, 5024, 5018, 5007)
(11628, 236, 5018, 5024, 5025, 5026, 5032, 5043)
(11629, 294, 5054, 5043, 5032, 5026, 5025, 5024, 5023, 5022)
(11630, 377, 5029, 5040, 5051, 5057, 5058)
(11631, 367, 5028, 5017, 5006)
(11632, 397, 5022, 5023, 5024, 5030, 5041, 5052)
(11633, 151, 5041, 5030, 5019)
(11634, 220, 5017, 5023, 5029, 5040, 5051)
(11635, 698, 5030, 5041, 5052, 5058)
(11636, 208, 5036, 5030, 5019, 5008)
(11637, 99, 5002, 5007, 5018, 5023, 5028, 5039)
(11638, 53, 5020, 5025, 5024, 5023, 5028, 5039, 5050, 5055)
(11639, 106, 5005, 5011, 5017, 5028)
(11640, 213, 5044, 5039, 5028, 5017, 5006)
(11641, 297, 5051, 5040, 5029, 5018, 5007, 5001)
(11642, 701, 5025, 5026, 5032, 5043, 5054)
(11643, 703, 5030, 5036, 5042, 5053)
(11644, 378, 5019, 5024, 5029, 5040, 5051)
(11645, 383, 5019, 5024, 5029, 5040, 5051, 5056, 5055)
(11646, 215, 5031, 5025, 5024, 5023, 5017, 5011, 5005)
(11647, 391, 5029, 5018, 5007)
(11648, 94, 5042, 5036, 5030, 5024, 5023, 5017, 5011, 5005)
(11649, 53, 5015, 5021, 5032, 5043, 5054)
(11650, 170, 5039, 5028, 5022, 5016)
(11651, 199, 5016, 5022, 5023, 5029, 5035, 5036, 5042, 5053, 5059)
(11652, 236, 5018, 5029, 5035, 5041)
(11653, 259, 5040, 5029, 5023, 5017, 5011, 5005)
(11654, 256, 5021, 5026, 5025, 5030, 5041, 5052)
(11655, 280, 5007, 5018, 5029, 5035, 5036)
(11656, 151, 5046, 5040, 5029, 5018, 5007, 5001)
(11657, 58, 5004, 5003, 5002, 5007, 5018, 5029, 5040)
(11658, 280, 5001, 5006, 5017, 5028, 5039, 5050)
(11659, 64, 5010, 5021, 5032)
(11660, 236, 5018, 5029, 5035, 5041)
(11661, 403, 5022, 5023, 5029, 5040, 5051)
(11662, 213, 5044, 5039, 5028, 5023, 5018, 5007)
(11663, 240, 5018, 5029, 5040, 5051, 5057, 5058, 5059)
(11664, 227, 5027, 5016, 5005)
(11665, 106, 5005, 5016, 5027)
(11666, 429, 5029, 5018, 5007)
(11667, 706, 5030, 5041, 5052, 5058)
(11668, 165, 5006, 5017, 5028, 5039, 5050)
(11669, 223, 5017, 5023, 5029, 5040, 5051)
(11670, 259, 5040, 5029, 5024, 5019, 5008, 5003)
(11671, 172, 5001, 5007, 5018, 5029, 5035, 5036, 5042, 5053)
(11672, 100, 5048, 5043, 5032, 5021, 5010)
(11673, 1, 5020, 5025, 5024, 5023, 5028, 5039, 5050, 5055)
(11674, 62, 5058, 5057, 5051, 5040, 5029, 5023)
(11675, 99, 5002, 5007, 5018, 5023, 5028, 5039)
(11676, 388, 5024, 5025, 5026, 5032, 5043, 5054)
(11677, 406, 5022, 5028, 5039, 5050)
(11678, 176, 5039, 5028, 5023, 5024, 5019, 5008, 5003)
(11679, 159, 5049, 5038, 5027, 5022, 5017)
(11680, 302, 5054, 5043, 5032, 5026, 5025, 5024, 5023)
(11681, 306, 5054, 5043, 5032, 5026)
(11682, 547, 5030, 5024, 5018, 5007)
(11683, 259, 5021, 5032, 5043, 5048, 5053)
(11684, 302, 5056, 5050, 5039, 5028, 5017)
(11685, 199, 5011, 5017, 5023, 5029, 5040)
(11686, 175, 5001, 5007, 5018, 5024, 5030, 5036, 5042)
(11687, 99, 5008, 5019, 5030)
(11688, 265, 5021, 5026, 5025, 5024, 5029, 5040, 5051, 5056)
(11689, 277, 5032, 5021, 5010)
(11690, 240, 5018, 5029, 5035, 5041)
(11691, 109, 5000, 5006, 5017, 5023, 5029, 5035, 5041, 5047)
(11692, 151, 5046, 5040, 5029, 5018, 5007)
(11693, 240, 5018, 5029, 5040, 5051, 5056, 5055)
(11694, 429, 5029, 5018, 5007, 5001, 5000)
(11695, 109, 5042, 5036, 5030, 5024, 5023, 5017, 5011, 5005)
(11696, 53, 5020, 5025, 5024, 5023, 5028, 5039, 5050, 5055)
(11697, 199, 5016, 5027, 5038)
(11698, 373, 5028, 5017, 5011, 5005)
(11699, 176, 5039, 5028, 5023, 5024, 5025, 5026, 5021, 5010)
(11700, 388, 5029, 5035, 5036, 5042, 5053, 5059)
(11701, 99, 5003, 5009, 5020, 5031)
(11702, 376, 5028, 5017, 5011, 5005)
(11703, 223, 5017, 5023, 5029, 5040)
(11704, 310, 5054, 5043, 5032, 5026, 5025, 5024, 5023, 5017)
(11705, 62, 5053, 5048, 5043, 5032, 5021, 5010, 5004)
(11706, 429, 5029, 5018, 5007, 5001)
(11707, 268, 5021, 5026, 5025, 5024, 5029, 5040, 5051)
(11708, 62, 5053, 5048, 5043, 5032, 5021, 5010, 5004)
(11709, 178, 5039, 5028, 5023, 5024, 5025, 5026, 5021, 5010)
(11710, 282, 5007, 5012, 5017, 5028, 5039, 5050, 5055)
(11711, 269, 5052, 5041, 5030, 5024, 5023, 5017, 5011)
(11712, 394, 5024, 5030, 5041, 5052)
(11713, 272, 5052, 5041, 5030, 5024, 5018)
(11714, 382, 5028, 5017, 5011, 5005)
(11715, 394, 5024, 5030, 5036, 5042, 5053)
(11716, 240, 5018, 5029, 5035, 5041)
(11717, 165, 5055, 5050, 5039, 5028, 5017)
(11718, 220, 5032, 5043, 5054)
(11719, 182, 5039, 5028, 5017, 5011, 5005)
(11720, 383, 5019, 5030, 5036, 5042, 5053)
(11721, 278, 5058, 5053, 5048, 5043, 5032, 5021, 5015)
(11722, 109, 5042, 5036, 5030, 5019)
(11723, 432, 5029, 5023, 5022, 5016, 5005)
(11724, 167, 5055, 5050, 5039, 5028, 5017, 5006, 5001)
(11725, 435, 5023, 5029, 5035, 5036, 5042, 5053)
(11726, 169, 5055, 5056, 5051, 5040, 5029, 5018)
(11727, 213, 5044, 5039, 5028, 5023, 5018, 5007, 5002)
(11728, 157, 5041, 5030, 5019)
(11729, 435, 5023, 5029, 5040, 5051)
(11730, 714, 5030, 5041, 5052)
(11731, 432, 5029, 5023, 5022, 5016, 5005)
(11732, 258, 5018, 5024, 5030, 5041, 5052)
(11733, 271, 5021, 5032, 5043, 5048, 5053, 5058)
(11734, 99, 5008, 5019, 5024, 5029, 5034, 5039, 5044)
(11735, 305, 5051, 5040, 5029, 5024, 5019, 5014)
(11736, 62, 5058, 5057, 5051, 5040, 5029, 5023, 5022, 5016)
(11737, 551, 5030, 5024, 5018, 5007)
(11738, 277, 5021, 5032, 5043, 5048, 5053)
(11739, 220, 5032, 5043, 5054)
(11740, 283, 5057, 5051, 5040, 5029, 5023)
(11741, 53, 5020, 5025, 5030, 5041, 5052)
(11742, 109, 5042, 5036, 5030, 5024, 5018, 5007)
(11743, 532, 5043, 5032, 5021)
(11744, 91, 5003, 5008, 5019, 5030, 5041, 5052)
(11745, 258, 5018, 5029, 5040)
(11746, 402, 5024, 5030, 5041, 5047, 5053)
(11747, 172, 5055, 5056, 5051, 5040, 5029, 5024, 5025, 5026, 5021)
(11748, 409, 5022, 5023, 5029, 5040, 5051)
(11749, 208, 5056, 5051, 5040, 5029, 5024, 5025, 5026, 5021)
(11750, 178, 5055, 5050, 5039, 5028, 5017)
(11751, 234, 5027, 5016, 5005)
(11752, 287, 5052, 5041, 5030)
(11753, 215, 5031, 5026, 5021, 5010, 5004)
(11754, 718, 5025, 5026, 5032, 5043, 5054)
(11755, 241, 5027, 5016, 5005)
(11756, 259, 5040, 5029, 5018, 5007, 5001)
(11757, 109, 5047, 5041, 5030, 5019)
(11758, 109, 5005, 5016, 5027, 5038, 5049, 5055)
(11759, 293, 5052, 5041, 5030, 5024)
(11760, 127, 5026, 5032, 5043, 5054)
(11761, 263, 5040, 5029, 5023, 5017)
(11762, 280, 5021, 5026, 5025, 5024, 5029, 5040, 5051, 5056, 5055)
(11763, 189, 5039, 5028, 5023, 5024, 5019, 5008)
(11764, 535, 5043, 5032, 5026, 5025, 5024, 5023, 5017, 5011)
(11765, 91, 5009, 5020, 5025, 5024, 5029, 5040)
(11766, 241, 5027, 5016, 5005)
(11767, 53, 5020, 5031, 5042)
(11768, 64, 5004, 5003, 5002, 5007, 5018, 5023, 5028, 5039, 5050, 5055)
(11769, 283, 5021, 5032, 5043, 5048, 5053)
(11770, 180, 5055, 5050, 5039, 5034, 5029, 5024, 5019, 5008)
(11771, 67, 5010, 5021, 5026, 5031, 5036, 5041)
(11772, 221, 5038, 5027, 5016, 5005)
(11773, 195, 5039, 5028, 5023, 5018, 5013, 5008, 5003)
(11774, 432, 5029, 5018, 5007)
(11775, 389, 5019, 5030, 5036, 5042)
(11776, 305, 5051, 5040, 5029, 5024, 5019, 5014)
(11777, 62, 5058, 5057, 5051, 5040, 5029)
(11778, 53, 5020, 5031, 5042)
(11779, 289, 5021, 5026, 5025, 5024, 5029, 5040, 5051, 5056)
(11780, 282, 5007, 5018, 5029, 5035, 5036, 5042, 5053)
(11781, 70, 5058, 5052, 5041, 5030, 5024, 5018)
(11782, 295, 5052, 5041, 5030, 5025, 5026, 5021)
(11783, 195, 5039, 5028, 5017, 5011, 5005)
(11784, 239, 5032, 5043, 5054)
(11785, 61, 5020, 5031, 5036, 5041, 5052, 5057)
(11786, 435, 5029, 5018, 5007, 5001)
(11787, 214, 5056, 5051, 5040, 5029, 5024, 5025, 5026, 5021)
(11788, 402, 5029, 5035, 5041, 5052)
(11789, 109, 5047, 5041, 5030, 5024, 5023, 5017, 5011, 5005)
(11790, 182, 5055, 5050, 5039, 5028, 5017)
(11791, 109, 5042, 5036, 5030, 5024, 5023, 5017)
(11792, 105, 5008, 5019, 5025, 5026, 5032)
(11793, 215, 5031, 5025, 5024, 5018, 5007, 5001)
(11794, 67, 5004, 5003, 5008, 5019, 5024, 5029, 5034, 5039, 5044)
(11795, 239, 5032, 5043, 5054)
(11796, 215, 5036, 5030, 5024, 5018, 5007, 5001, 5000)
(11797, 105, 5008, 5019, 5025, 5031, 5042, 5053, 5059)
(11798, 308, 5051, 5040, 5029, 5024, 5019)
(11799, 277, 5032, 5026, 5025, 5024, 5018, 5007, 5001)
(11800, 91, 5009, 5020, 5031, 5042)
(11801, 537, 5043, 5032, 5026, 5025, 5024, 5018)
(11802, 157, 5041, 5030, 5019, 5008, 5003)
(11803, 539, 5043, 5032, 5026, 5025, 5024, 5023, 5022, 5016, 5005)
(11804, 129, 5031, 5042, 5053, 5059)
(11805, 157, 5041, 5030, 5019, 5008)
(11806, 115, 5042, 5031, 5025, 5024, 5018, 5007)
(11807, 402, 5029, 5035, 5041, 5052)
(11808, 311, 5051, 5040, 5029, 5018)
(11809, 217, 5056, 5051, 5040, 5029, 5018, 5013)
(11810, 388, 5028, 5017, 5006)
(11811, 134, 5031, 5042, 5053, 5059)
(11812, 61, 5020, 5026, 5032, 5043, 5054)
(11813, 223, 5056, 5051, 5040, 5029, 5018, 5007)
(11814, 298, 5052, 5041, 5030, 5024, 5018, 5007, 5001)
(11815, 61, 5020, 5026, 5032, 5043, 5048)
(11816, 442, 5029, 5018, 5007)
(11817, 218, 5036, 5030, 5024, 5023, 5017, 5011, 5005)
(11818, 542, 5043, 5032, 5021, 5010, 5004, 5003)
(11819, 285, 5007, 5018, 5029, 5035, 5036, 5042, 5053, 5059)
(11820, 415, 5022, 5028, 5039, 5045, 5051, 5057, 5058, 5059)
(11821, 69, 5010, 5021, 5032, 5043, 5048, 5053, 5058)
(11822, 253, 5032, 5043, 5054)
(11823, 389, 5019, 5025, 5026, 5032, 5043)
(11824, 109, 5005, 5016, 5027, 5038, 5049, 5055)
(11825, 253, 5032, 5043, 5054)
(11826, 244, 5027, 5016, 5005)
(11827, 181, 5006, 5017, 5028, 5039)
(11828, 421, 5022, 5023, 5024, 5030, 5041, 5052, 5058)
(11829, 556, 5030, 5019, 5008)
(11830, 311, 5051, 5040, 5029, 5024, 5019, 5008, 5003)
(11831, 115, 5042, 5031, 5025, 5024, 5018, 5007, 5001)
(11832, 115, 5005, 5016, 5022, 5023, 5029, 5035, 5041, 5052)
(11833, 70, 5058, 5052, 5041, 5030)
(11834, 304, 5052, 5041, 5030, 5019)
(11835, 394, 5028, 5022, 5016, 5005)
(11836, 402, 5024, 5030, 5036, 5042, 5053)
(11837, 442, 5029, 5023, 5017, 5011, 5005)
(11838, 221, 5036, 5030, 5024, 5023, 5017, 5006, 5000)
(11839, 244, 5027, 5016, 5005)
(11840, 295, 5021, 5026, 5025, 5024, 5029, 5040, 5051, 5056, 5055)
(11841, 225, 5038, 5027, 5016, 5005)
(11842, 438, 5028, 5039, 5050)
(11843, 115, 5005, 5016, 5022, 5023, 5029, 5040, 5051)
(11844, 231, 5050, 5039, 5028, 5017, 5011, 5005)
(11845, 548, 5043, 5032, 5021, 5010, 5004, 5003)
(11846, 397, 5028, 5017, 5006)
(11847, 424, 5022, 5023, 5024, 5030, 5041, 5052, 5058)
(11848, 198, 5039, 5028, 5023, 5018, 5007, 5002, 5003)
(11849, 91, 5009, 5020, 5025, 5030, 5041)
(11850, 253, 5032, 5043, 5054)
(11851, 157, 5046, 5040, 5029, 5018)
(11852, 212, 5011, 5017, 5028, 5034, 5035, 5041, 5052, 5058)
(11853, 121, 5048, 5043, 5032, 5021, 5010, 5004)
(11854, 181, 5006, 5017, 5028, 5039)
(11855, 442, 5029, 5023, 5017, 5011, 5005)
(11856, 265, 5040, 5029, 5018, 5007)
(11857, 91, 5009, 5020, 5025, 5030, 5041, 5052)
(11858, 427, 5022, 5028, 5039, 5050, 5056)
(11859, 559, 5030, 5024, 5018, 5007)
(11860, 118, 5005, 5011, 5017, 5023, 5029)
(11861, 267, 5040, 5029, 5023, 5017, 5011)
(11862, 285, 5007, 5018, 5029)
(11863, 202, 5039, 5034, 5029, 5024, 5019, 5008, 5003, 5004)
(11864, 229, 5038, 5027, 5016)
(11865, 256, 5032, 5043, 5054)
(11866, 260, 5018, 5024, 5030, 5036, 5042, 5053)
(11867, 450, 5029, 5018, 5007, 5001)
(11868, 233, 5038, 5027, 5016)
(11869, 212, 5011, 5017, 5028, 5039, 5050, 5055)
(11870, 724, 5025, 5026, 5032, 5043, 5054)
(11871, 450, 5029, 5023, 5017, 5011, 5005)
(11872, 301, 5021, 5032, 5043, 5054)
(11873, 288, 5007, 5018, 5029, 5035, 5041, 5052, 5058)
(11874, 304, 5021, 5032, 5043, 5048, 5053, 5058)
(11875, 267, 5040, 5029, 5018, 5007, 5001)
(11876, 291, 5007, 5018, 5029, 5040)
(11877, 310, 5058, 5053, 5048, 5043, 5032, 5021)
(11878, 316, 5052, 5041, 5030, 5019, 5014)
(11879, 260, 5018, 5024, 5030, 5041)
(11880, 404, 5029, 5040, 5051, 5057, 5058)
(11881, 202, 5039, 5034, 5029, 5024, 5019, 5008, 5003)
(11882, 267, 5018, 5029, 5040, 5051)
(11883, 118, 5005, 5011, 5017, 5028, 5039, 5050)
(11884, 212, 5016, 5022, 5028, 5039)
(11885, 267, 5018, 5029, 5035, 5036, 5042, 5053, 5059)
(11886, 228, 5017, 5023, 5024, 5030, 5036, 5042)
(11887, 404, 5024, 5030, 5041, 5047, 5053)
(11888, 61, 5020, 5031, 5042)
(11889, 318, 5054, 5043, 5032, 5026, 5025, 5024, 5023, 5017)
(11890, 237, 5044, 5039, 5028, 5017, 5006)
(11891, 157, 5041, 5030, 5019, 5008, 5003, 5004)
(11892, 318, 5052, 5041, 5030, 5019)
(11893, 228, 5017, 5023, 5024, 5030, 5041, 5047)
(11894, 441, 5023, 5024, 5030, 5041, 5047, 5053)
(11895, 204, 5039, 5028, 5017, 5006)
(11896, 124, 5005, 5011, 5017, 5023, 5029)
(11897, 224, 5036, 5030, 5019, 5008, 5003)
(11898, 314, 5051, 5040, 5029, 5024, 5019)
(11899, 730, 5030, 5036, 5042, 5053)
(11900, 324, 5057, 5051, 5040, 5029, 5023, 5017)
(11901, 297, 5007, 5018, 5024, 5025, 5026, 5032, 5043)
(11902, 332, 5052, 5041, 5030)
(11903, 331, 5051, 5040, 5029, 5018, 5013)
(11904, 204, 5039, 5028, 5023, 5024, 5019, 5008, 5003)
(11905, 228, 5017, 5022, 5027, 5038, 5049)
(11906, 551, 5043, 5032, 5021)
(11907, 141, 5026, 5032, 5043, 5054)
(11908, 307, 5021, 5026, 5025, 5024, 5029, 5040, 5051, 5056, 5055)
(11909, 242, 5017, 5028, 5039, 5050, 5055)
(11910, 411, 5029, 5040, 5051)
(11911, 441, 5023, 5029, 5040, 5051, 5057)
(11912, 567, 5030, 5024, 5018, 5007, 5001)
(11913, 91, 5003, 5002, 5007, 5018, 5029, 5040, 5051)
(11914, 273, 5040, 5029, 5018)
(11915, 341, 5051, 5040, 5029, 5023, 5017)
(11916, 430, 5027, 5038, 5049)
(11917, 738, 5025, 5026, 5032, 5043, 5054)
(11918, 297, 5007, 5018, 5029, 5035, 5041, 5052)
(11919, 124, 5005, 5011, 5017, 5028, 5039, 5050)
(11920, 247, 5027, 5016, 5005)
(11921, 256, 5032, 5043, 5054)
(11922, 303, 5001, 5006, 5017, 5028, 5039, 5050, 5055)
(11923, 74, 5010, 5021, 5026, 5025, 5030, 5041, 5052)
(11924, 277, 5040, 5029, 5023, 5017, 5011, 5005)
(11925, 326, 5054, 5043, 5032, 5026, 5025, 5024, 5018)
(11926, 185, 5055, 5050, 5039, 5028, 5017, 5006)
(11927, 192, 5001, 5007, 5018, 5029, 5035, 5041)
(11928, 395, 5019, 5030, 5041)
(11929, 156, 5026, 5032, 5043, 5054)
(11930, 740, 5030, 5041, 5052, 5058)
(11931, 338, 5057, 5051, 5040, 5029, 5023, 5017, 5011)
(11932, 207, 5039, 5028, 5017)
(11933, 74, 5010, 5021, 5026, 5025, 5030, 5041)
(11934, 263, 5032, 5043, 5054)
(11935, 744, 5030, 5041, 5052, 5058)
(11936, 107, 5008, 5019, 5030, 5041, 5047, 5053)
(11937, 107, 5008, 5019, 5030)
(11938, 395, 5019, 5024, 5029, 5040, 5051)
(11939, 109, 5008, 5019, 5025, 5031, 5042, 5053)
(11940, 227, 5036, 5030, 5019, 5008)
(11941, 263, 5032, 5043, 5054)
(11942, 411, 5029, 5040, 5051, 5057)
(11943, 231, 5050, 5039, 5028)
(11944, 450, 5029, 5018, 5007, 5001)
(11945, 275, 5018, 5024, 5030, 5036, 5042, 5053, 5059)
(11946, 403, 5028, 5017, 5006)
(11947, 747, 5030, 5036, 5042, 5053)
(11948, 557, 5043, 5032, 5021, 5010)
(11949, 571, 5030, 5024, 5023, 5022, 5016, 5005)
(11950, 277, 5040, 5029, 5018)
(11951, 231, 5056, 5051, 5040, 5029, 5018)
(11952, 91, 5009, 5020, 5025, 5030, 5041)
(11953, 342, 5052, 5041, 5030, 5024, 5018, 5007, 5001)
(11954, 233, 5036, 5030, 5024, 5018, 5007)
(11955, 559, 5043, 5032, 5026, 5025, 5024, 5018, 5007)
(11956, 271, 5032, 5043, 5054)
(11957, 77, 5004, 5009, 5020, 5031, 5042, 5053)
(11958, 242, 5017, 5023, 5029, 5040)
(11959, 751, 5025, 5026, 5032, 5043, 5054)
(11960, 358, 5051, 5040, 5029)
(11961, 241, 5050, 5039, 5028, 5017, 5011)
(11962, 242, 5017, 5023, 5024, 5025, 5026, 5032, 5043, 5054)
(11963, 406, 5019, 5025, 5031, 5042)
(11964, 212, 5016, 5022, 5028, 5039, 5045, 5051)
(11965, 313, 5021, 5026, 5025, 5024, 5029, 5040, 5051, 5056, 5055)
(11966, 207, 5039, 5028, 5017, 5006, 5001)
(11967, 156, 5031, 5042, 5053)
(11968, 156, 5031, 5042, 5053)
(11969, 319, 5021, 5032, 5043)
(11970, 458, 5029, 5023, 5017, 5011, 5005)
(11971, 575, 5030, 5019, 5008)
(11972, 114, 5008, 5019, 5030, 5036)
(11973, 250, 5027, 5016, 5005)
(11974, 236, 5036, 5030, 5019, 5008)
(11975, 137, 5042, 5036, 5030, 5024, 5023, 5017)
(11976, 562, 5043, 5032, 5026, 5025, 5024, 5018)
(11977, 430, 5022, 5023, 5029, 5035, 5036, 5042, 5053)
(11978, 237, 5044, 5039, 5028, 5017, 5012, 5013, 5008)
(11979, 242, 5017, 5023, 5029, 5040, 5051)
(11980, 114, 5008, 5014, 5015, 5021, 5032, 5043, 5054)
(11981, 241, 5056, 5051, 5040, 5029, 5024, 5019, 5008)
(11982, 441, 5023, 5029, 5040, 5051)
(11983, 281, 5040, 5029, 5023, 5017, 5011)
(11984, 329, 5054, 5043, 5032, 5026, 5025, 5024, 5023, 5022, 5016, 5005)
(11985, 91, 5009, 5020, 5031)
(11986, 187, 5055, 5056, 5051, 5040, 5029, 5024, 5019, 5008)
(11987, 239, 5031, 5025, 5019, 5008)
(11988, 195, 5001, 5007, 5018, 5029, 5035, 5041)
(11989, 448, 5023, 5029, 5035, 5041, 5052, 5058)
(11990, 289, 5040, 5029, 5023, 5022, 5016, 5005)
(11991, 275, 5018, 5024, 5030, 5036, 5042, 5053)
(11992, 277, 5032, 5021, 5010)
(11993, 247, 5050, 5039, 5028, 5017)
(11994, 349, 5057, 5051, 5040, 5029, 5023, 5017, 5011, 5005)
(11995, 137, 5042, 5036, 5030, 5024, 5023, 5022, 5016, 5005)
(11996, 198, 5001, 5007, 5018, 5024, 5025, 5026, 5032, 5043)
(11997, 193, 5055, 5056, 5051, 5040, 5029, 5018, 5007)
(11998, 322, 5021, 5026, 5025, 5024, 5029, 5040, 5051)
(11999, 70, 5058, 5052, 5041, 5030, 5024, 5018, 5007, 5001, 5000)
(12000, 247, 5056, 5051, 5040, 5029, 5024, 5019, 5008, 5003)
(12001, 325, 5021, 5026, 5025, 5024, 5029, 5040, 5051, 5056)
(12002, 250, 5027, 5016, 5005)
(12003, 61, 5020, 5026, 5032, 5043, 5054)
(12004, 204, 5001, 5007, 5018, 5029, 5035, 5036, 5042)
(12005, 305, 5007, 5018, 5024, 5025, 5026, 5032, 5043, 5054)
(12006, 328, 5021, 5032, 5043, 5054)
(12007, 448, 5023, 5024, 5025, 5026, 5032, 5043, 5054)
(12008, 416, 5029, 5035, 5041, 5052)
(12009, 409, 5028, 5017, 5006)
(12010, 225, 5011, 5017, 5028, 5039)
(12011, 80, 5004, 5003, 5008, 5019, 5024, 5029, 5040, 5051)
(12012, 448, 5023, 5029, 5035, 5041, 5052)
(12013, 358, 5051, 5040, 5029, 5024, 5019, 5014)
(12014, 305, 5007, 5018, 5029, 5035)
(12015, 160, 5046, 5040, 5029, 5023, 5017, 5011, 5005)
(12016, 253, 5027, 5016, 5005)
(12017, 61, 5020, 5026, 5032, 5043, 5048, 5053)
(12018, 361, 5051, 5040, 5029, 5024, 5019, 5008)
(12019, 406, 5019, 5024, 5029, 5040, 5051)
(12020, 356, 5052, 5041, 5030, 5024, 5018, 5007, 5001)
(12021, 458, 5029, 5023, 5017, 5006)
(12022, 166, 5041, 5030, 5019, 5008, 5003)
(12023, 412, 5028, 5022, 5016, 5005)
(12024, 337, 5054, 5043, 5032, 5026, 5025, 5024, 5018, 5007)
(12025, 253, 5050, 5039, 5028)
(12026, 331, 5021, 5032, 5043, 5054)
(12027, 583, 5030, 5019, 5008)
(12028, 358, 5052, 5041, 5030, 5024, 5018, 5007, 5001, 5000)
(12029, 291, 5032, 5021, 5010, 5004)
(12030, 415, 5028, 5017, 5011, 5005)
(12031, 210, 5039, 5028, 5017, 5012, 5013, 5008)
(12032, 207, 5001, 5007, 5018, 5029)
(12033, 213, 5001, 5007, 5018, 5029, 5040)
(12034, 271, 5032, 5043, 5054)
(12035, 345, 5059, 5058, 5057, 5051, 5040, 5029, 5018, 5007, 5001)
(12036, 291, 5040, 5029, 5023, 5022, 5016)
(12037, 416, 5029, 5035, 5041, 5052)
(12038, 130, 5005, 5016, 5022, 5023, 5024, 5030, 5041)
(12039, 271, 5032, 5043, 5054)
(12040, 237, 5044, 5039, 5028, 5017, 5012, 5007)
(12041, 239, 5036, 5030, 5019, 5008)
(12042, 311, 5007, 5018, 5024, 5030)
(12043, 291, 5032, 5026, 5025, 5024, 5018, 5007)
(12044, 277, 5018, 5024, 5025, 5026, 5032, 5043, 5054)
(12045, 458, 5029, 5023, 5022, 5016, 5005)
(12046, 461, 5029, 5018, 5007, 5001, 5000)
(12047, 348, 5054, 5043, 5032, 5026, 5025, 5024, 5018, 5007)