(10000, 3, 5006, 5017, 5022, 5026, 5037, 5047)
(10001, 7, 5006, 5017, 5027)
(10002, 5, 5039, 5028, 5018, 5012, 5006)
(10003, 3, 5000, 5006, 5012, 5018, 5028, 5039, 5044)
(10004, 1, 5028, 5039, 5044, 5050)
(10005, 5, 5030, 5041, 5051)
(10006, 29, 5027, 5033, 5039, 5049)
(10007, 3, 5041, 5030, 5024, 5019, 5008)
(10008, 36, 5009, 5020, 5030)
(10009, 2, 5052, 5042, 5036, 5030, 5024, 5023, 5018, 5012, 5011)
(10010, 2, 5008, 5019, 5029, 5035, 5036, 5042, 5052)
(10011, 2, 5047, 5037, 5026, 5022, 5017, 5012, 5013)
(10012, 1, 5005, 5016, 5026, 5037)
(10013, 1, 5019, 5024, 5030, 5036, 5042)
(10014, 3, 5020, 5030, 5041)
(10015, 7, 5003, 5002, 5007, 5012, 5017, 5027, 5038)
(10016, 4, 5048, 5038, 5027, 5017)
(10017, 7, 5007, 5018, 5028, 5034)
(10018, 4, 5021, 5031, 5042)
(10019, 2, 5028, 5039, 5049)
(10020, 4, 5029, 5023, 5018, 5012, 5006)
(10021, 4, 5036, 5035, 5029, 5023, 5018, 5007)
(10022, 1, 5030, 5041, 5051)
(10023, 2, 5051, 5046, 5042, 5031, 5021)
(10024, 3, 5042, 5036, 5030, 5024, 5023, 5018)
(10025, 3, 5050, 5045, 5046, 5042, 5031, 5021, 5010)
(10026, 1, 5051, 5045, 5044, 5039, 5033, 5027)
(10027, 9, 5028, 5018, 5012, 5006)
(10028, 4, 5041, 5035, 5029, 5023, 5018, 5012, 5006)
(10029, 4, 5007, 5012, 5017, 5027, 5032, 5037)
(10030, 3, 5006, 5012, 5018, 5028, 5039, 5044, 5050)
(10031, 2, 5016, 5022, 5027, 5033, 5039, 5044, 5050)
(10032, 58, 5030, 5036, 5042, 5052)
(10033, 4, 5026, 5016, 5005)
(10034, 4, 5007, 5012, 5017, 5027, 5032, 5037)
(10035, 3, 5000, 5006, 5012, 5018, 5028)
(10036, 7, 5056, 5051, 5046, 5042, 5031, 5021, 5010)
(10037, 5, 5010, 5021, 5031)
(10038, 64, 5029, 5019, 5008)
(10039, 2, 5045, 5044, 5039, 5028, 5018)
(10040, 90, 5042, 5036, 5030, 5024, 5023, 5018, 5012, 5006, 5000)
(10041, 6, 5021, 5031, 5042, 5052)
(10042, 2, 5027, 5033, 5039, 5044, 5050)
(10043, 1, 5042, 5031, 5021)
(10044, 4, 5003, 5002, 5007, 5012, 5017, 5022, 5026, 5037, 5047)
(10045, 2, 5002, 5007, 5018, 5028, 5039, 5044)
(10046, 36, 5024, 5030, 5041, 5051)
(10047, 4, 5022, 5027, 5033, 5039, 5044, 5050)
(10048, 4, 5041, 5035, 5029, 5019, 5008)
(10049, 90, 5052, 5042, 5036, 5030, 5024, 5023, 5018, 5012, 5011)
(10050, 4, 5051, 5045, 5044, 5039, 5028, 5018, 5012, 5006)
(10051, 2, 5019, 5024, 5030, 5036, 5042)
(10052, 1, 5026, 5016, 5005)
(10053, 4, 5031, 5042, 5052)
(10054, 3, 5047, 5037, 5026, 5022, 5017)
(10055, 5, 5052, 5042, 5031)
(10056, 34, 5000, 5006, 5012, 5018, 5028, 5039, 5044, 5050)
(10057, 2, 5038, 5027, 5017, 5012, 5007, 5002)
(10058, 4, 5027, 5033, 5034, 5035, 5036, 5042, 5052)
(10059, 57, 5018, 5023, 5024, 5030, 5036, 5042)
(10060, 1, 5028, 5018, 5012, 5006, 5000)
(10061, 4, 5009, 5020, 5030)
(10062, 2, 5027, 5033, 5039, 5049)
(10063, 1, 5030, 5036, 5042, 5052)
(10064, 5, 5009, 5020, 5030, 5041, 5051)
(10065, 5, 5009, 5020, 5030, 5041)
(10066, 22, 5026, 5016, 5005)
(10067, 5, 5019, 5029, 5040, 5050)
(10068, 3, 5045, 5044, 5039, 5028, 5018, 5012, 5011)
(10069, 6, 5016, 5026, 5037, 5043, 5048)
(10070, 4, 5006, 5017, 5027, 5038)
(10071, 5, 5020, 5030, 5041)
(10072, 4, 5050, 5040, 5029)
(10073, 2, 5027, 5017, 5006)
(10074, 17, 5038, 5027, 5017, 5012, 5007, 5002)
(10075, 5, 5030, 5036, 5042, 5052)
(10076, 4, 5048, 5038, 5027, 5017, 5012, 5013, 5014)
(10077, 3, 5048, 5038, 5027, 5017, 5006)
(10078, 4, 5042, 5031, 5021, 5015, 5009)
(10079, 5, 5042, 5031, 5021, 5010)
(10080, 2, 5008, 5019, 5024, 5030)
(10081, 4, 5027, 5017, 5006, 5000)
(10082, 1, 5038, 5027, 5017, 5006)
(10083, 5, 5021, 5025, 5024, 5023, 5028, 5039, 5049, 5054, 5053)
(10084, 4, 5050, 5044, 5039, 5028, 5018, 5007)
(10085, 2, 5031, 5021, 5010)
(10086, 10, 5028, 5018, 5012, 5006)
(10087, 1, 5012, 5018, 5028, 5039, 5044, 5050)
(10088, 5, 5008, 5019, 5029, 5040, 5050)
(10089, 3, 5053, 5054, 5049, 5039, 5028, 5023, 5024, 5025, 5021)
(10090, 1, 5011, 5012, 5018, 5023, 5024, 5030, 5036, 5042, 5052)
(10091, 90, 5029, 5023, 5018, 5012, 5006)
(10092, 6, 5052, 5042, 5031)
(10093, 2, 5029, 5023, 5018, 5012, 5006, 5000)
(10094, 1, 5053, 5047, 5037, 5026, 5016)
(10095, 2, 5027, 5038, 5048)
(10096, 6, 5010, 5021, 5031, 5042)
(10097, 20, 5006, 5012, 5018, 5023, 5029)
(10098, 5, 5035, 5029, 5019, 5014, 5009)
(10099, 5, 5021, 5031, 5042, 5046, 5051, 5056)
(10100, 2, 5018, 5028, 5039)
(10101, 2, 5020, 5030, 5036, 5042, 5052)
(10102, 2, 5052, 5042, 5036, 5030, 5024, 5023, 5018, 5012, 5006, 5000)
(10103, 3, 5053, 5047, 5037, 5026, 5016, 5005)
(10104, 2, 5038, 5027, 5017, 5012, 5007, 5002, 5003)
(10105, 57, 5024, 5030, 5036, 5042, 5052)
(10106, 2, 5011, 5012, 5018, 5023, 5024, 5030, 5036, 5042, 5052)
(10107, 1, 5036, 5035, 5029, 5023, 5018, 5012, 5006)
(10108, 1, 5020, 5024, 5023, 5028, 5039, 5049, 5054, 5053)
(10109, 75, 5019, 5024, 5030, 5036, 5042)
(10110, 22, 5047, 5037, 5026, 5022, 5017, 5012, 5013, 5014)
(10111, 5, 5022, 5027, 5033, 5039, 5049)
(10112, 4, 5021, 5031, 5042, 5052)
(10113, 17, 5038, 5027, 5017, 5012, 5007)
(10114, 2, 5042, 5036, 5030, 5024, 5023, 5018, 5012)
(10115, 1, 5028, 5039, 5044, 5050, 5056)
(10116, 4, 5028, 5018, 5012, 5006)
(10117, 43, 5006, 5012, 5018, 5028, 5039, 5044, 5045)
(10118, 4, 5028, 5039, 5044, 5050, 5056)
(10119, 4, 5047, 5037, 5026, 5022, 5017, 5012, 5007, 5002, 5003)
(10120, 4, 5050, 5040, 5029, 5019, 5014, 5009)
(10121, 3, 5018, 5028, 5039, 5044)
(10122, 19, 5038, 5027, 5017, 5012, 5007, 5002, 5003, 5004)
(10123, 3, 5029, 5023, 5018, 5012, 5006, 5000)
(10124, 54, 5042, 5036, 5030, 5024, 5019, 5008)
(10125, 1, 5019, 5029, 5040, 5050)
(10126, 36, 5006, 5012, 5018, 5028, 5039, 5049)
(10127, 1, 5002, 5007, 5012, 5017, 5027, 5032, 5037)
(10128, 4, 5028, 5039, 5044, 5050)
(10129, 1, 5008, 5019, 5029)
(10130, 4, 5022, 5027, 5033, 5034, 5035, 5036, 5042, 5052)
(10131, 3, 5052, 5042, 5036, 5030, 5024, 5023, 5018, 5012)
(10132, 3, 5020, 5030, 5041)
(10133, 3, 5008, 5019, 5024, 5030, 5036)
(10134, 6, 5016, 5026, 5037, 5043, 5048, 5054)
(10135, 2, 5007, 5012, 5017, 5027, 5032, 5037)
(10136, 1, 5042, 5036, 5030, 5024, 5023, 5018, 5012, 5006)
(10137, 1, 5026, 5037, 5047)
(10138, 2, 5010, 5021, 5031, 5042, 5046, 5051)
(10139, 4, 5014, 5019, 5023, 5028, 5039, 5049, 5054)
(10140, 1, 5042, 5036, 5030, 5024, 5023, 5018, 5007)
(10141, 12, 5052, 5042, 5036, 5030)
(10142, 1, 5016, 5022, 5027, 5033, 5039)
(10143, 2, 5026, 5037, 5043, 5048, 5054)
(10144, 11, 5036, 5030, 5024, 5023, 5018, 5012, 5006)
(10145, 4, 5039, 5028, 5018, 5012, 5006)
(10146, 1, 5021, 5031, 5042)
(10147, 44, 5006, 5012, 5018, 5028, 5039, 5044, 5050, 5056)
(10148, 2, 5039, 5028, 5018)
(10149, 1, 5051, 5045, 5044, 5039, 5033, 5027)
(10150, 3, 5010, 5021, 5031, 5042)
(10151, 5, 5020, 5030, 5036, 5042)
(10152, 3, 5052, 5042, 5031, 5021, 5015)
(10153, 4, 5047, 5037, 5026, 5022, 5017, 5012, 5007, 5002, 5003, 5004)
(10154, 5, 5026, 5016, 5005)
(10155, 1, 5009, 5020, 5030, 5041)
(10156, 36, 5020, 5030, 5041)
(10157, 5, 5008, 5019, 5029, 5040, 5050)
(10158, 1, 5048, 5038, 5027, 5017, 5012, 5013)
(10159, 3, 5042, 5031, 5021)
(10160, 2, 5040, 5029, 5024, 5025, 5021, 5010)
(10161, 3, 5024, 5030, 5036, 5042, 5052)
(10162, 6, 5038, 5027, 5017, 5006, 5000)
(10163, 2, 5044, 5039, 5028, 5018, 5007)
(10164, 21, 5038, 5027, 5017, 5012, 5007, 5002, 5003, 5004)
(10165, 22, 5037, 5026, 5022, 5017, 5012, 5007, 5002, 5003)
(10166, 2, 5054, 5049, 5039, 5028, 5023, 5024, 5025, 5021)
(10167, 4, 5030, 5041, 5051)
(10168, 1, 5007, 5012, 5017, 5027, 5038, 5048)
(10169, 5, 5051, 5041, 5035, 5029, 5023, 5018, 5012, 5006)
(10170, 36, 5009, 5020, 5030, 5041, 5051)
(10171, 1, 5052, 5042, 5031, 5021)
(10172, 4, 5010, 5021, 5031, 5042, 5046, 5051, 5056)
(10173, 2, 5029, 5040, 5050)
(10174, 2, 5047, 5037, 5026, 5022, 5017, 5012, 5007, 5002, 5003, 5004)
(10175, 5, 5010, 5021, 5031, 5042, 5046, 5051)
(10176, 11, 5036, 5030, 5024, 5023, 5018, 5012, 5006, 5000)
(10177, 22, 5037, 5026, 5016)
(10178, 29, 5012, 5018, 5028, 5039, 5044)
(10179, 8, 5049, 5039, 5028, 5018, 5012)
(10180, 6, 5010, 5021, 5031, 5042, 5046, 5045)
(10181, 3, 5054, 5049, 5044, 5040, 5035, 5036, 5031, 5021)
(10182, 23, 5027, 5038, 5048)
(10183, 90, 5029, 5023, 5018, 5012, 5006, 5000)
(10184, 1, 5029, 5023, 5018, 5012, 5006)
(10185, 2, 5056, 5051, 5046, 5042, 5031, 5021)
(10186, 70, 5052, 5042, 5036, 5030, 5024, 5023, 5018)
(10187, 5, 5028, 5039, 5044, 5050, 5056)
(10188, 2, 5005, 5016, 5026, 5037, 5047, 5053)
(10189, 1, 5018, 5023, 5024, 5030, 5036, 5042)
(10190, 1, 5052, 5042, 5036, 5035, 5029, 5023, 5018, 5007)
(10191, 4, 5007, 5012, 5017, 5027, 5038, 5048)
(10192, 4, 5022, 5027, 5033, 5039, 5044, 5050, 5056, 5057)
(10193, 3, 5029, 5023, 5018, 5012, 5006)
(10194, 7, 5017, 5027, 5038)
(10195, 2, 5016, 5026, 5032, 5033, 5039, 5044, 5050)
(10196, 4, 5010, 5021, 5031, 5042)
(10197, 8, 5038, 5027, 5022, 5016)
(10198, 7, 5022, 5027, 5033, 5039, 5049)
(10199, 5, 5027, 5033, 5039, 5049)
(10200, 43, 5006, 5012, 5018, 5028, 5039, 5044, 5045)
(10201, 1, 5021, 5025, 5024, 5023, 5028, 5039, 5049, 5054, 5053)
(10202, 1, 5031, 5042, 5052)
(10203, 4, 5042, 5031, 5021, 5010)
(10204, 1, 5010, 5021, 5031, 5042, 5046, 5051, 5056)
(10205, 1, 5036, 5035, 5029, 5023, 5018, 5012, 5006)
(10206, 6, 5029, 5035, 5036, 5042, 5052)
(10207, 1, 5031, 5042, 5052)
(10208, 4, 5007, 5018, 5023, 5024, 5030)
(10209, 64, 5029, 5019, 5008)
(10210, 2, 5044, 5039, 5033, 5027, 5022, 5016)
(10211, 1, 5004, 5009, 5020, 5024, 5023, 5028, 5039, 5049)
(10212, 2, 5030, 5024, 5019, 5008)
(10213, 34, 5000, 5006, 5012, 5018, 5028, 5039, 5044, 5050)
(10214, 92, 5030, 5024, 5023, 5018, 5012, 5006, 5000)
(10215, 1, 5019, 5024, 5030, 5041, 5051)
(10216, 2, 5007, 5018, 5028, 5039)
(10217, 8, 5044, 5039, 5028, 5018, 5012, 5006, 5000)
(10218, 5, 5031, 5021, 5010)
(10219, 5, 5039, 5028, 5018, 5007, 5002)
(10220, 45, 5027, 5033, 5034, 5035, 5036, 5042, 5052)
(10221, 22, 5026, 5016, 5005)
(10222, 7, 5003, 5002, 5007, 5012, 5017, 5022, 5026, 5037)
(10223, 57, 5020, 5030, 5036, 5042)
(10224, 2, 5049, 5039, 5028, 5023, 5024, 5025, 5021)
(10225, 1, 5028, 5039, 5044, 5050)
(10226, 11, 5051, 5041, 5030, 5024, 5019, 5008)
(10227, 2, 5037, 5026, 5022, 5017, 5012, 5007, 5002)
(10228, 92, 5030, 5024, 5023, 5018, 5012, 5006)
(10229, 4, 5014, 5019, 5029, 5040, 5050)
(10230, 34, 5000, 5006, 5012, 5018, 5028, 5039)
(10231, 58, 5030, 5036, 5042, 5052)
(10232, 1, 5029, 5035, 5036, 5042, 5052)
(10233, 1, 5050, 5044, 5039, 5033, 5027)
(10234, 6, 5021, 5031, 5042)
(10235, 90, 5052, 5042, 5036, 5030, 5024, 5023, 5018, 5012)
(10236, 6, 5048, 5038, 5027, 5017)
(10237, 2, 5029, 5040, 5050)
(10238, 3, 5014, 5019, 5023, 5028, 5039, 5049)
(10239, 4, 5049, 5039, 5028, 5023, 5024, 5025, 5021, 5010)
(10240, 6, 5031, 5042, 5052)
(10241, 8, 5038, 5027, 5017, 5006, 5000)
(10242, 8, 5044, 5039, 5028, 5018, 5007)
(10243, 38, 5009, 5020, 5030)
(10244, 3, 5026, 5037, 5047, 5053)
(10245, 3, 5030, 5041, 5051)
(10246, 20, 5006, 5017, 5027)
(10247, 2, 5005, 5016, 5026, 5037, 5047, 5053)
(10248, 4, 5017, 5027, 5038, 5048)
(10249, 15, 5048, 5038, 5027, 5017, 5012, 5007)
(10250, 23, 5027, 5038, 5048)
(10251, 3, 5028, 5018, 5007)
(10252, 2, 5044, 5039, 5028, 5018, 5007)
(10253, 1, 5048, 5038, 5027)
(10254, 3, 5021, 5031, 5042, 5052)
(10255, 36, 5006, 5012, 5018, 5023, 5024, 5030)
(10256, 24, 5047, 5037, 5026, 5016, 5005)
(10257, 1, 5047, 5037, 5026, 5022, 5017, 5012, 5007)
(10258, 5, 5028, 5018, 5012, 5006, 5000)
(10259, 2, 5020, 5024, 5023, 5028, 5039, 5049)
(10260, 3, 5049, 5039, 5033, 5027, 5022)
(10261, 66, 5030, 5041, 5051)
(10262, 4, 5004, 5003, 5002, 5007, 5012, 5017, 5027, 5032, 5037)
(10263, 70, 5036, 5035, 5029, 5023, 5018, 5007)
(10264, 7, 5028, 5039, 5044, 5050, 5056)
(10265, 3, 5051, 5041, 5030, 5024, 5019)
(10266, 10, 5028, 5018, 5012, 5006, 5000)
(10267, 3, 5029, 5023, 5018, 5012, 5006, 5000)
(10268, 59, 5000, 5006, 5012, 5018, 5023, 5024, 5030, 5036)
(10269, 60, 5047, 5037, 5026, 5022, 5017, 5006)
(10270, 7, 5031, 5021, 5010)
(10271, 1, 5050, 5044, 5039, 5028, 5018)
(10272, 1, 5028, 5039, 5044, 5050, 5056)
(10273, 1, 5021, 5031, 5042, 5046, 5051, 5056)
(10274, 1, 5022, 5027, 5033, 5039, 5044, 5050)
(10275, 4, 5026, 5016, 5005)
(10276, 7, 5050, 5045, 5046, 5042, 5031, 5021)
(10277, 5, 5026, 5037, 5047, 5053)
(10278, 2, 5037, 5026, 5022, 5017, 5012, 5007, 5002)
(10279, 93, 5030, 5024, 5023, 5018, 5012, 5006)
(10280, 1, 5029, 5023, 5018, 5007)
(10281, 57, 5009, 5020, 5030, 5036, 5042)
(10282, 4, 5003, 5002, 5007, 5012, 5017, 5027, 5038, 5048)
(10283, 90, 5029, 5023, 5018, 5012, 5006, 5000)
(10284, 7, 5019, 5029, 5040, 5050)
(10285, 5, 5003, 5002, 5007, 5012, 5017, 5022, 5026, 5037)
(10286, 24, 5043, 5037, 5026, 5016)
(10287, 57, 5023, 5024, 5030, 5036, 5042, 5052)
(10288, 54, 5041, 5030, 5024, 5019, 5008)
(10289, 1, 5002, 5007, 5018, 5028, 5039)
(10290, 3, 5042, 5031, 5021)
(10291, 2, 5000, 5006, 5012, 5018, 5028, 5039, 5049)
(10292, 60, 5037, 5026, 5022, 5017, 5006)
(10293, 4, 5046, 5042, 5031, 5021, 5015, 5009)
(10294, 4, 5049, 5039, 5028, 5018)
(10295, 2, 5051, 5045, 5044, 5039, 5028, 5018, 5012, 5006, 5000)
(10296, 2, 5039, 5028, 5018, 5012, 5006, 5000)
(10297, 11, 5051, 5041, 5030, 5024, 5019)
(10298, 66, 5030, 5036, 5042, 5052)
(10299, 23, 5027, 5038, 5048)
(10300, 1, 5042, 5031, 5021)
(10301, 2, 5031, 5042, 5052)
(10302, 39, 5027, 5033, 5039, 5044, 5050, 5056, 5057)
(10303, 2, 5054, 5049, 5039, 5028, 5023, 5019, 5014)
(10304, 2, 5030, 5041, 5051)
(10305, 5, 5010, 5021, 5031)
(10306, 5, 5012, 5018, 5028, 5039, 5049)
(10307, 2, 5012, 5018, 5028, 5039)
(10308, 3, 5009, 5020, 5030, 5036)
(10309, 11, 5051, 5041, 5030, 5024, 5019, 5008)
(10310, 4, 5008, 5019, 5029, 5035, 5041)
(10311, 64, 5029, 5019, 5008)
(10312, 9, 5009, 5020, 5024, 5023, 5028, 5039)
(10313, 4, 5022, 5027, 5033, 5039, 5049)
(10314, 4, 5021, 5031, 5042, 5046, 5051)
(10315, 7, 5016, 5022, 5027, 5033, 5039, 5049)
(10316, 4, 5027, 5033, 5034, 5035, 5036, 5042, 5052)
(10317, 1, 5037, 5026, 5022, 5017, 5012, 5007, 5002, 5003, 5004)
(10318, 1, 5020, 5030, 5036, 5042, 5052)
(10319, 6, 5016, 5026, 5037)
(10320, 2, 5024, 5030, 5041, 5051)
(10321, 2, 5040, 5029, 5019)
(10322, 7, 5042, 5031, 5021, 5015)
(10323, 5, 5026, 5016, 5005)
(10324, 7, 5007, 5018, 5028, 5039, 5044, 5045)
(10325, 7, 5042, 5031, 5021, 5015, 5009)
(10326, 4, 5049, 5039, 5033, 5027, 5022)
(10327, 93, 5030, 5024, 5023, 5018, 5012, 5006)
(10328, 3, 5051, 5045, 5044, 5039, 5033, 5027)
(10329, 4, 5044, 5039, 5028, 5018, 5012, 5006)
(10330, 7, 5016, 5022, 5027, 5038)
(10331, 2, 5027, 5033, 5039, 5044, 5050)
(10332, 2, 5026, 5037, 5043, 5048)
(10333, 1, 5019, 5029, 5035, 5041)
(10334, 2, 5039, 5028, 5018, 5012, 5006, 5000)
(10335, 2, 5049, 5039, 5028, 5018, 5012)
(10336, 57, 5011, 5012, 5018, 5023, 5024, 5030, 5036, 5042)
(10337, 1, 5041, 5035, 5029, 5019)
(10338, 6, 5016, 5026, 5032, 5033, 5039, 5044, 5050)
(10339, 20, 5006, 5012, 5018, 5023, 5029, 5035, 5036)
(10340, 4, 5044, 5039, 5028, 5018, 5007)
(10341, 2, 5040, 5029, 5019)
(10342, 4, 5057, 5051, 5045, 5044, 5039, 5033, 5027)
(10343, 4, 5008, 5019, 5029)
(10344, 106, 5030, 5024, 5023, 5018, 5012, 5006, 5000)
(10345, 2, 5044, 5039, 5028, 5018)
(10346, 1, 5007, 5018, 5023, 5024, 5030, 5036, 5042)
(10347, 75, 5008, 5019, 5024, 5030, 5036, 5042)
(10348, 5, 5026, 5016, 5005)
(10349, 4, 5045, 5044, 5039, 5028, 5018)
(10350, 4, 5050, 5040, 5029, 5019)
(10351, 3, 5019, 5024, 5030, 5036, 5042)
(10352, 1, 5019, 5024, 5030, 5041, 5051)
(10353, 4, 5026, 5037, 5043, 5048)
(10354, 1, 5028, 5039, 5044, 5050, 5056)
(10355, 3, 5048, 5038, 5027, 5017, 5012, 5007)
(10356, 2, 5022, 5027, 5033, 5039, 5044, 5050)
(10357, 5, 5026, 5016, 5005)
(10358, 2, 5006, 5017, 5027)
(10359, 4, 5051, 5045, 5044, 5039, 5033, 5027)
(10360, 4, 5021, 5031, 5042, 5046, 5051, 5056)
(10361, 3, 5012, 5018, 5023, 5024, 5030, 5036, 5042, 5052)
(10362, 2, 5050, 5040, 5029, 5019, 5014)
(10363, 1, 5012, 5017, 5027, 5032, 5037, 5047)
(10364, 5, 5007, 5012, 5017, 5027, 5032, 5037, 5047)
(10365, 5, 5021, 5031, 5042)
(10366, 7, 5007, 5012, 5017, 5027, 5038)
(10367, 36, 5000, 5006, 5012, 5018, 5023, 5024, 5030)
(10368, 8, 5016, 5026, 5037, 5043)
(10369, 7, 5028, 5039, 5044, 5050, 5056)
(10370, 4, 5045, 5044, 5039, 5028, 5018, 5012)
(10371, 8, 5050, 5044, 5039, 5028, 5018, 5007)
(10372, 3, 5027, 5017, 5006)
(10373, 6, 5052, 5042, 5031, 5021, 5015)
(10374, 8, 5051, 5045, 5044, 5039, 5028, 5018, 5012, 5006, 5000)
(10375, 8, 5016, 5026, 5037, 5047)
(10376, 3, 5039, 5028, 5018, 5007, 5002, 5003)
(10377, 7, 5000, 5006, 5017, 5027)
(10378, 1, 5024, 5030, 5041, 5051)
(10379, 2, 5007, 5012, 5017, 5027, 5038)
(10380, 1, 5006, 5012, 5018, 5028, 5039)
(10381, 9, 5009, 5020, 5024, 5023, 5028, 5039)
(10382, 29, 5027, 5033, 5039, 5049)
(10383, 1, 5024, 5030, 5041, 5051)
(10384, 1, 5041, 5035, 5029, 5023, 5018, 5007)
(10385, 7, 5019, 5029, 5040)
(10386, 2, 5042, 5031, 5021, 5015)
(10387, 1, 5006, 5012, 5018, 5023, 5024, 5030, 5036)
(10388, 1, 5021, 5025, 5024, 5023, 5028, 5039, 5049, 5054)
(10389, 90, 5042, 5036, 5030, 5024, 5023, 5018, 5012, 5006)
(10390, 2, 5039, 5028, 5018)
(10391, 36, 5020, 5030, 5041, 5051)
(10392, 2, 5019, 5029, 5040, 5050)
(10393, 2, 5049, 5039, 5033, 5027, 5022)
(10394, 1, 5018, 5028, 5039)
(10395, 70, 5042, 5036, 5035, 5029, 5023, 5018, 5007)
(10396, 8, 5044, 5039, 5028, 5018, 5012)
(10397, 3, 5008, 5019, 5029, 5035, 5041)
(10398, 70, 5029, 5023, 5018, 5007)
(10399, 39, 5027, 5033, 5039, 5044, 5050, 5056)
(10400, 2, 5036, 5030, 5024, 5023, 5018, 5012, 5006)
(10401, 57, 5018, 5023, 5024, 5030, 5036, 5042, 5052)
(10402, 5, 5018, 5028, 5039, 5044, 5050, 5056)
(10403, 3, 5037, 5032, 5027, 5017, 5012, 5007)
(10404, 2, 5021, 5025, 5024, 5023, 5028, 5039, 5049, 5054)
(10405, 24, 5026, 5016, 5005)
(10406, 64, 5036, 5035, 5029, 5019, 5008)
(10407, 2, 5030, 5024, 5019, 5008)
(10408, 70, 5052, 5042, 5036, 5030, 5024, 5023, 5018)
(10409, 4, 5012, 5018, 5028, 5039, 5049)
(10410, 2, 5014, 5019, 5023, 5028, 5039, 5049)
(10411, 2, 5031, 5042, 5052)
(10412, 1, 5051, 5041, 5035, 5029, 5023, 5018, 5012)
(10413, 3, 5031, 5042, 5052)
(10414, 2, 5030, 5036, 5042, 5052)
(10415, 1, 5039, 5028, 5018, 5007, 5002)
(10416, 2, 5051, 5041, 5035, 5029)
(10417, 104, 5030, 5036, 5042, 5052)
(10418, 70, 5029, 5023, 5018, 5007)
(10419, 24, 5037, 5026, 5016)
(10420, 2, 5019, 5023, 5028, 5039, 5049, 5054)
(10421, 92, 5052, 5042, 5036, 5030, 5024, 5023, 5018, 5012, 5006, 5000)
(10422, 2, 5043, 5037, 5026, 5016)
(10423, 37, 5006, 5012, 5018, 5028, 5039, 5049)
(10424, 34, 5000, 5006, 5012, 5018, 5028, 5039, 5044, 5045)
(10425, 24, 5026, 5016, 5005)
(10426, 7, 5019, 5023, 5028, 5039, 5049, 5054, 5053)
(10427, 3, 5012, 5018, 5028, 5039, 5044, 5050, 5056)
(10428, 22, 5006, 5012, 5018, 5028)
(10429, 4, 5024, 5030, 5036, 5042, 5052)
(10430, 3, 5049, 5039, 5033, 5027)
(10431, 5, 5026, 5037, 5047, 5053)
(10432, 2, 5006, 5012, 5018, 5028, 5039, 5044, 5045)
(10433, 4, 5002, 5007, 5012, 5017, 5027, 5038)
(10434, 2, 5020, 5030, 5036, 5042)
(10435, 1, 5036, 5035, 5029, 5019, 5008)
(10436, 2, 5044, 5039, 5028, 5018, 5012)
(10437, 2, 5008, 5019, 5024, 5030, 5036)
(10438, 1, 5027, 5017, 5006, 5000)
(10439, 5, 5026, 5037, 5047)
(10440, 2, 5026, 5037, 5043, 5048, 5054)
(10441, 8, 5051, 5045, 5044, 5039, 5028)
(10442, 2, 5011, 5012, 5018, 5023, 5024, 5030, 5036, 5042)
(10443, 4, 5017, 5022, 5026, 5037, 5047)
(10444, 4, 5008, 5019, 5029)
(10445, 1, 5017, 5027, 5038, 5048)
(10446, 90, 5051, 5041, 5035, 5029, 5023, 5018, 5012)
(10447, 3, 5039, 5033, 5027, 5022, 5016)
(10448, 6, 5029, 5040, 5050)
(10449, 2, 5020, 5030, 5041, 5051)
(10450, 1, 5044, 5039, 5028, 5018, 5007)
(10451, 1, 5039, 5028, 5018, 5007, 5002, 5003)
(10452, 4, 5018, 5023, 5024, 5030, 5036, 5042, 5052)
(10453, 2, 5041, 5035, 5029, 5023, 5018, 5012, 5011)
(10454, 41, 5039, 5028, 5023, 5024, 5025, 5021, 5010)
(10455, 8, 5003, 5002, 5007, 5018, 5028, 5039)
(10456, 24, 5047, 5037, 5026, 5022, 5017, 5012, 5007, 5002)
(10457, 2, 5000, 5006, 5012, 5018, 5028, 5039, 5044, 5045)
(10458, 2, 5010, 5021, 5031, 5042, 5052)
(10459, 4, 5010, 5021, 5031, 5042, 5046, 5051)
(10460, 8, 5044, 5039, 5028, 5018, 5012, 5006, 5000)
(10461, 3, 5040, 5029, 5024, 5025, 5021, 5010)
(10462, 3, 5026, 5037, 5047, 5053)
(10463, 4, 5004, 5009, 5020, 5024, 5023, 5028, 5039, 5049)
(10464, 1, 5028, 5018, 5012, 5006)
(10465, 1, 5012, 5018, 5028, 5039, 5044, 5045)
(10466, 3, 5040, 5029, 5019)
(10467, 1, 5027, 5017, 5006, 5000)
(10468, 104, 5030, 5036, 5042, 5052)
(10469, 9, 5038, 5027, 5017, 5006, 5000)
(10470, 4, 5047, 5037, 5026, 5022, 5017, 5012)
(10471, 29, 5018, 5028, 5039, 5044, 5045)
(10472, 3, 5050, 5044, 5039, 5028, 5018)
(10473, 12, 5052, 5042, 5036, 5030)
(10474, 4, 5029, 5040, 5050)
(10475, 2, 5051, 5041, 5030, 5024, 5019, 5008)
(10476, 45, 5039, 5028, 5018, 5007, 5002, 5003)
(10477, 2, 5000, 5006, 5012, 5018, 5028, 5034, 5035)
(10478, 2, 5050, 5040, 5029, 5019, 5008)
(10479, 1, 5027, 5017, 5006)
(10480, 1, 5050, 5040, 5029, 5019, 5014, 5009)
(10481, 2, 5050, 5044, 5039, 5028, 5018, 5012, 5006, 5000)
(10482, 2, 5022, 5027, 5033, 5039, 5044, 5050, 5056)
(10483, 4, 5012, 5018, 5028, 5039, 5044)
(10484, 9, 5021, 5025, 5024, 5023, 5028, 5039, 5049, 5054)
(10485, 3, 5031, 5042, 5052)
(10486, 5, 5031, 5021, 5010)
(10487, 1, 5022, 5027, 5033, 5039, 5044, 5050, 5056)
(10488, 5, 5021, 5031, 5042)
(10489, 2, 5022, 5027, 5033, 5039, 5044, 5050, 5056, 5057)
(10490, 21, 5038, 5027, 5017, 5012, 5007, 5002)
(10491, 106, 5030, 5024, 5023, 5018, 5012, 5006)
(10492, 1, 5009, 5020, 5030, 5041, 5051)
(10493, 83, 5007, 5018, 5028, 5039, 5049)
(10494, 7, 5000, 5006, 5017, 5027)
(10495, 2, 5028, 5039, 5044, 5050)
(10496, 70, 5009, 5020, 5024, 5023, 5028, 5039, 5049)
(10497, 24, 5026, 5016, 5005)
(10498, 5, 5041, 5035, 5029, 5019)
(10499, 1, 5042, 5031, 5021, 5015, 5009)
(10500, 20, 5006, 5017, 5027, 5038)
(10501, 1, 5044, 5039, 5028, 5018)
(10502, 6, 5021, 5031, 5042)
(10503, 1, 5049, 5039, 5028, 5018, 5012, 5006)
(10504, 1, 5030, 5024, 5019, 5008)
(10505, 7, 5000, 5006, 5017, 5027)
(10506, 3, 5020, 5030, 5041, 5051)
(10507, 2, 5049, 5039, 5028)
(10508, 2, 5028, 5018, 5012, 5006, 5000)
(10509, 4, 5020, 5024, 5023, 5028, 5039, 5049, 5054)
(10510, 59, 5006, 5012, 5018, 5023, 5024, 5030)
(10511, 4, 5040, 5029, 5019)
(10512, 90, 5042, 5036, 5030, 5024, 5023, 5018, 5012, 5006)
(10513, 4, 5046, 5042, 5031, 5021, 5010)
(10514, 3, 5019, 5023, 5028, 5039, 5049)
(10515, 1, 5027, 5038, 5048)
(10516, 39, 5016, 5022, 5027, 5033, 5039, 5044, 5050, 5056)
(10517, 1, 5050, 5044, 5039, 5033, 5027, 5022)
(10518, 1, 5037, 5032, 5027, 5017, 5012, 5007)
(10519, 4, 5031, 5042, 5052)
(10520, 54, 5052, 5042, 5036, 5030, 5024, 5019, 5008)
(10521, 92, 5052, 5042, 5036, 5030, 5024, 5023, 5018, 5012, 5006, 5000)
(10522, 2, 5012, 5018, 5028, 5039, 5044, 5045)
(10523, 4, 5040, 5029, 5019, 5008)
(10524, 2, 5024, 5030, 5036, 5042, 5052)
(10525, 3, 5051, 5041, 5035, 5029, 5023, 5018, 5012)
(10526, 3, 5021, 5031, 5042, 5046, 5051)
(10527, 7, 5051, 5046, 5042, 5031, 5021, 5010)
(10528, 1, 5037, 5026, 5022, 5017, 5012, 5007)
(10529, 1, 5019, 5023, 5028, 5039, 5049)
(10530, 5, 5028, 5039, 5049)
(10531, 11, 5036, 5030, 5024, 5023, 5018, 5012, 5006, 5000)
(10532, 46, 5050, 5044, 5039, 5033, 5032, 5026)
(10533, 7, 5019, 5023, 5028, 5039, 5049)
(10534, 29, 5016, 5022, 5027, 5033, 5039, 5044)
(10535, 6, 5052, 5042, 5036, 5035, 5029, 5023, 5018, 5007)
(10536, 5, 5028, 5018, 5007)
(10537, 3, 5002, 5007, 5018, 5028, 5039, 5049)
(10538, 2, 5018, 5028, 5039, 5049)
(10539, 83, 5007, 5018, 5028, 5034)
(10540, 1, 5010, 5021, 5031)
(10541, 3, 5049, 5039, 5028, 5018, 5012, 5006, 5000)
(10542, 2, 5037, 5032, 5027, 5017, 5012, 5007)
(10543, 4, 5049, 5039, 5028, 5023, 5024, 5025, 5021, 5010)
(10544, 6, 5027, 5017, 5006)
(10545, 4, 5009, 5020, 5030, 5036, 5042, 5052)
(10546, 2, 5019, 5023, 5028, 5039, 5049, 5054, 5053)
(10547, 3, 5000, 5006, 5012, 5018, 5023, 5024, 5030)
(10548, 4, 5002, 5007, 5012, 5017, 5027, 5038)
(10549, 1, 5029, 5019, 5008)
(10550, 90, 5029, 5023, 5018, 5012, 5006, 5000)
(10551, 3, 5046, 5042, 5031, 5021, 5015)
(10552, 45, 5027, 5033, 5034, 5035, 5036, 5042, 5052)
(10553, 36, 5020, 5030, 5041, 5051)
(10554, 8, 5050, 5044, 5039, 5028, 5018, 5007)
(10555, 2, 5027, 5033, 5039, 5044, 5050)
(10556, 4, 5018, 5028, 5039, 5044, 5050)
(10557, 7, 5022, 5027, 5033, 5039, 5044, 5050, 5056, 5057)
(10558, 3, 5042, 5036, 5030, 5024, 5019)
(10559, 2, 5050, 5044, 5039, 5033, 5027, 5022)
(10560, 57, 5009, 5020, 5030, 5036, 5042, 5052)
(10561, 57, 5020, 5030, 5036, 5042)
(10562, 3, 5016, 5026, 5032, 5033, 5039, 5044, 5045)
(10563, 5, 5021, 5025, 5024, 5023, 5028, 5039, 5049, 5054, 5053)
(10564, 2, 5027, 5038, 5048)
(10565, 105, 5030, 5036, 5042, 5052)
(10566, 24, 5026, 5016, 5005)
(10567, 3, 5000, 5006, 5012, 5018, 5023, 5024, 5030, 5036)
(10568, 2, 5026, 5016, 5005)
(10569, 3, 5019, 5023, 5028, 5039, 5049)
(10570, 74, 5052, 5042, 5036, 5030, 5024, 5023)
(10571, 24, 5006, 5017, 5027)
(10572, 5, 5021, 5031, 5042)
(10573, 5, 5010, 5021, 5031, 5042, 5046, 5045)
(10574, 4, 5027, 5033, 5039, 5044, 5050, 5056)
(10575, 8, 5006, 5017, 5022, 5026, 5037, 5047)
(10576, 24, 5026, 5016, 5005)
(10577, 14, 5016, 5026, 5037)
(10578, 3, 5037, 5026, 5022, 5017, 5006)
(10579, 2, 5014, 5019, 5023, 5028, 5039, 5049)
(10580, 58, 5009, 5020, 5030, 5036, 5042)
(10581, 24, 5053, 5047, 5037, 5026, 5016)
(10582, 70, 5029, 5023, 5018, 5007)
(10583, 98, 5007, 5018, 5028, 5034, 5035, 5036, 5042)
(10584, 4, 5049, 5039, 5028, 5018, 5012)
(10585, 3, 5026, 5037, 5043, 5048)
(10586, 1, 5023, 5029, 5035, 5036, 5042, 5052)
(10587, 2, 5017, 5027, 5032, 5037, 5047)
(10588, 38, 5031, 5021, 5010)
(10589, 21, 5038, 5027, 5017, 5012, 5007, 5002)
(10590, 3, 5028, 5018, 5007)
(10591, 8, 5019, 5029, 5040, 5050)
(10592, 3, 5002, 5007, 5018, 5028, 5039, 5049)
(10593, 2, 5002, 5007, 5012, 5017, 5022, 5026, 5037)
(10594, 3, 5043, 5037, 5026, 5016)
(10595, 3, 5030, 5024, 5023, 5018, 5007)
(10596, 3, 5012, 5018, 5028, 5039, 5049)
(10597, 1, 5007, 5018, 5028, 5034)
(10598, 29, 5016, 5022, 5027, 5033, 5039, 5044, 5045)
(10599, 59, 5006, 5012, 5018, 5023, 5024, 5030, 5036, 5042)
(10600, 1, 5029, 5019, 5008)
(10601, 2, 5026, 5016, 5005)
(10602, 2, 5040, 5029, 5024, 5025, 5021, 5010)
(10603, 83, 5007, 5018, 5028, 5034, 5035, 5036)
(10604, 9, 5021, 5025, 5024, 5023, 5028, 5039, 5049, 5054)
(10605, 3, 5028, 5018, 5007)
(10606, 1, 5041, 5035, 5029, 5023, 5018, 5012)
(10607, 2, 5037, 5026, 5022, 5017, 5012, 5007, 5002)
(10608, 4, 5018, 5028, 5039, 5044)
(10609, 2, 5027, 5017, 5006, 5000)
(10610, 4, 5047, 5037, 5026, 5016)
(10611, 2, 5024, 5030, 5036, 5042, 5052)
(10612, 60, 5006, 5012, 5018, 5023, 5024, 5030)
(10613, 3, 5050, 5040, 5029, 5019, 5014)
(10614, 2, 5039, 5028, 5018, 5012, 5011)
(10615, 1, 5027, 5017, 5006)
(10616, 8, 5019, 5023, 5028, 5039, 5049, 5054, 5053)
(10617, 2, 5022, 5027, 5033, 5039, 5044, 5050, 5056, 5057)
(10618, 2, 5045, 5044, 5039, 5028, 5018, 5012, 5006, 5000)
(10619, 4, 5052, 5042, 5031, 5021)
(10620, 1, 5048, 5038, 5027)
(10621, 6, 5027, 5017, 5006, 5000)
(10622, 39, 5027, 5033, 5039, 5044, 5050, 5056, 5057)
(10623, 2, 5008, 5019, 5029)
(10624, 3, 5028, 5039, 5044, 5050, 5056)
(10625, 2, 5027, 5017, 5006, 5000)
(10626, 1, 5049, 5039, 5028, 5018, 5007, 5002, 5003)
(10627, 5, 5031, 5042, 5052)
(10628, 75, 5019, 5024, 5030, 5036, 5042)
(10629, 60, 5037, 5026, 5022, 5017, 5006)
(10630, 85, 5007, 5018, 5028, 5034)
(10631, 4, 5052, 5042, 5031, 5021)
(10632, 4, 5023, 5029, 5035, 5036, 5042, 5052)
(10633, 44, 5006, 5012, 5018, 5028, 5039, 5044, 5050)
(10634, 3, 5012, 5018, 5023, 5029, 5035, 5036, 5042, 5052)
(10635, 58, 5009, 5020, 5030, 5036, 5042, 5052)
(10636, 3, 5027, 5017, 5006)
(10637, 2, 5028, 5039, 5049)
(10638, 15, 5048, 5038, 5027, 5017, 5012)
(10639, 6, 5027, 5017, 5006)
(10640, 1, 5007, 5018, 5028, 5039)
(10641, 7, 5002, 5007, 5012, 5017, 5027, 5038, 5048)
(10642, 2, 5018, 5028, 5039)
(10643, 21, 5038, 5027, 5017, 5012, 5007, 5002, 5003, 5004)
(10644, 64, 5029, 5019, 5008)
(10645, 4, 5051, 5041, 5030, 5024, 5019)
(10646, 3, 5014, 5019, 5023, 5028, 5039, 5049, 5054)
(10647, 75, 5019, 5024, 5030, 5041, 5051)
(10648, 4, 5011, 5012, 5018, 5023, 5029, 5035, 5036, 5042, 5052)
(10649, 2, 5000, 5006, 5012, 5018, 5023, 5024, 5030, 5036, 5042, 5052)
(10650, 1, 5037, 5026, 5022, 5017, 5006)
(10651, 8, 5003, 5002, 5007, 5012, 5017, 5022, 5026, 5037)
(10652, 3, 5019, 5024, 5030, 5036, 5042)
(10653, 34, 5000, 5006, 5012, 5018, 5028, 5039, 5044, 5045)
(10654, 90, 5029, 5023, 5018, 5012, 5006, 5000)
(10655, 7, 5004, 5003, 5002, 5007, 5012, 5017, 5022, 5026, 5037, 5047)
(10656, 38, 5009, 5020, 5030)
(10657, 3, 5050, 5040, 5029, 5019, 5014)
(10658, 6, 5031, 5042, 5052)
(10659, 1, 5008, 5019, 5024, 5030, 5041)
(10660, 6, 5021, 5031, 5042, 5046, 5051, 5056)
(10661, 24, 5038, 5027, 5017, 5012, 5007, 5002)
(10662, 4, 5035, 5029, 5019, 5014, 5009)
(10663, 3, 5028, 5018, 5012, 5006)
(10664, 45, 5039, 5028, 5018, 5007, 5002)
(10665, 7, 5031, 5042, 5052)
(10666, 8, 5019, 5023, 5028, 5039, 5049, 5054, 5053)
(10667, 7, 5028, 5039, 5044, 5050, 5056)
(10668, 4, 5027, 5038, 5048)
(10669, 2, 5021, 5031, 5042, 5052)
(10670, 90, 5042, 5036, 5035, 5029, 5023, 5018, 5012, 5006)
(10671, 1, 5022, 5027, 5033, 5034, 5035, 5036, 5042, 5052)
(10672, 4, 5037, 5026, 5016, 5005)
(10673, 92, 5052, 5042, 5036, 5030, 5024, 5023, 5018, 5012, 5006, 5000)
(10674, 57, 5024, 5030, 5036, 5042, 5052)
(10675, 10, 5028, 5018, 5007)
(10676, 105, 5030, 5041, 5051)
(10677, 120, 5030, 5024, 5023, 5018, 5012, 5006, 5000)
(10678, 8, 5049, 5039, 5033, 5027, 5022)
(10679, 8, 5044, 5039, 5028, 5018, 5012)
(10680, 7, 5022, 5027, 5033, 5039, 5044, 5050, 5056)
(10681, 1, 5047, 5037, 5026, 5022, 5017, 5012)
(10682, 8, 5019, 5029, 5040)
(10683, 1, 5016, 5022, 5027, 5033, 5039, 5044, 5050, 5056)
(10684, 8, 5049, 5039, 5028, 5018, 5012)
(10685, 4, 5039, 5028, 5018)
(10686, 4, 5044, 5039, 5028, 5018, 5012, 5006)
(10687, 1, 5027, 5033, 5039, 5049)
(10688, 2, 5031, 5021, 5010)
(10689, 64, 5042, 5036, 5035, 5029, 5019)
(10690, 34, 5000, 5006, 5012, 5018, 5028, 5039)
(10691, 106, 5030, 5036, 5042, 5052)
(10692, 24, 5026, 5016, 5005)
(10693, 8, 5052, 5046, 5045, 5044, 5039, 5033, 5027, 5022)
(10694, 29, 5027, 5033, 5039, 5049)
(10695, 8, 5050, 5044, 5039, 5028, 5018, 5007)
(10696, 3, 5051, 5046, 5042, 5031, 5021, 5015)
(10697, 7, 5031, 5042, 5052)
(10698, 90, 5036, 5035, 5029, 5023, 5018, 5012, 5006)
(10699, 5, 5018, 5028, 5039, 5044, 5050)
(10700, 1, 5037, 5026, 5016)
(10701, 3, 5027, 5017, 5006)
(10702, 5, 5028, 5039, 5044, 5050, 5056)
(10703, 34, 5027, 5033, 5039, 5044, 5050)
(10704, 2, 5024, 5030, 5036, 5042, 5052)
(10705, 3, 5030, 5024, 5019, 5014, 5009)
(10706, 3, 5037, 5026, 5022, 5017, 5012, 5007, 5002, 5003, 5004)
(10707, 36, 5024, 5030, 5041, 5051)
(10708, 85, 5007, 5018, 5028, 5039, 5044, 5050, 5056)
(10709, 54, 5030, 5024, 5019, 5014, 5009)
(10710, 6, 5026, 5037, 5047, 5053)
(10711, 11, 5051, 5041, 5030, 5024)
(10712, 4, 5029, 5040, 5050)
(10713, 44, 5031, 5042, 5052)
(10714, 3, 5008, 5019, 5029, 5035, 5041)
(10715, 72, 5019, 5029, 5040, 5050)
(10716, 45, 5006, 5012, 5018, 5023, 5029, 5035, 5036, 5042, 5052)
(10717, 4, 5021, 5031, 5042, 5052)
(10718, 2, 5029, 5023, 5018, 5012, 5006)
(10719, 85, 5007, 5018, 5028, 5034, 5035)
(10720, 2, 5010, 5021, 5031, 5042, 5046, 5051)
(10721, 3, 5037, 5026, 5022, 5017, 5012, 5007, 5002)
(10722, 3, 5021, 5031, 5042, 5046, 5051, 5056, 5055)
(10723, 2, 5053, 5054, 5049, 5039, 5028, 5023, 5019, 5014)
(10724, 70, 5030, 5024, 5023, 5018, 5007)
(10725, 1, 5018, 5028, 5039, 5044, 5050)
(10726, 34, 5016, 5022, 5027, 5033, 5039, 5049)
(10727, 2, 5028, 5018, 5007)
(10728, 6, 5035, 5029, 5023, 5018, 5012, 5006, 5000)
(10729, 6, 5008, 5019, 5029, 5040)
(10730, 106, 5030, 5036, 5042, 5052)
(10731, 2, 5042, 5036, 5030, 5024, 5019)
(10732, 3, 5018, 5028, 5039, 5044, 5050, 5056)
(10733, 72, 5019, 5029, 5040)
(10734, 3, 5016, 5026, 5032, 5033, 5039, 5044)
(10735, 4, 5022, 5027, 5033, 5039, 5044, 5050, 5056)
(10736, 2, 5020, 5030, 5036, 5042)
(10737, 2, 5043, 5037, 5026, 5016)
(10738, 7, 5002, 5007, 5012, 5017, 5027, 5038, 5048)
(10739, 8, 5027, 5017, 5006)
(10740, 2, 5010, 5021, 5031, 5042, 5046, 5045)
(10741, 7, 5004, 5003, 5002, 5007, 5012, 5017, 5022, 5026, 5037)
(10742, 1, 5045, 5044, 5039, 5028, 5018)
(10743, 1, 5026, 5016, 5005)
(10744, 1, 5029, 5035, 5041, 5051)
(10745, 2, 5040, 5029, 5019, 5014, 5009)
(10746, 8, 5006, 5017, 5022, 5026, 5037, 5047)
(10747, 1, 5047, 5037, 5026, 5022, 5017, 5012)
(10748, 7, 5022, 5027, 5033, 5034, 5035, 5036, 5042, 5052)
(10749, 3, 5051, 5041, 5035, 5029)
(10750, 4, 5027, 5017, 5006)
(10751, 6, 5009, 5020, 5024, 5029, 5040)
(10752, 3, 5008, 5019, 5024, 5030, 5036)
(10753, 4, 5008, 5019, 5029, 5040, 5050)
(10754, 2, 5029, 5023, 5018, 5012, 5006, 5000)
(10755, 11, 5028, 5018, 5012, 5006, 5000)
(10756, 1, 5042, 5036, 5030, 5024, 5023, 5018, 5012, 5006)
(10757, 85, 5007, 5018, 5028, 5039, 5044, 5045)
(10758, 2, 5045, 5044, 5039, 5028, 5018, 5012, 5006)
(10759, 2, 5021, 5031, 5042, 5046, 5051, 5056)
(10760, 104, 5007, 5018, 5023, 5024, 5030, 5036)
(10761, 38, 5009, 5020, 5030, 5041, 5051)
(10762, 2, 5007, 5018, 5028)
(10763, 11, 5007, 5012, 5017, 5027, 5032, 5037, 5047)
(10764, 59, 5009, 5020, 5030, 5036, 5042)
(10765, 4, 5022, 5027, 5033, 5039, 5044, 5050, 5056)
(10766, 7, 5002, 5007, 5018, 5028, 5039, 5044, 5050)
(10767, 90, 5044, 5039, 5028, 5018, 5012, 5006)
(10768, 24, 5006, 5017, 5027)
(10769, 3, 5039, 5028, 5018, 5012, 5006)
(10770, 45, 5006, 5012, 5018, 5023, 5029, 5035, 5036, 5042, 5052)
(10771, 1, 5030, 5024, 5023, 5018, 5007)
(10772, 75, 5008, 5019, 5024, 5030)
(10773, 1, 5021, 5025, 5024, 5023, 5028, 5039, 5049, 5054)
(10774, 3, 5005, 5016, 5026, 5037, 5043, 5048)
(10775, 1, 5035, 5029, 5019, 5008)
(10776, 90, 5029, 5023, 5018, 5012, 5006)
(10777, 74, 5052, 5042, 5036, 5030, 5024, 5023, 5018, 5007)
(10778, 54, 5030, 5024, 5019, 5014, 5009)
(10779, 26, 5043, 5037, 5026, 5016)
(10780, 4, 5002, 5007, 5012, 5017, 5027, 5038)
(10781, 2, 5036, 5035, 5029, 5023, 5018, 5012, 5006)
(10782, 26, 5047, 5037, 5026)
(10783, 1, 5027, 5038, 5048)
(10784, 4, 5028, 5018, 5007)
(10785, 3, 5028, 5018, 5012, 5006, 5000)
(10786, 2, 5002, 5007, 5012, 5017, 5027, 5032, 5037)
(10787, 1, 5008, 5019, 5024, 5030, 5036, 5042)
(10788, 85, 5007, 5018, 5028, 5034, 5035)
(10789, 90, 5029, 5023, 5018, 5012, 5006, 5000)
(10790, 8, 5027, 5017, 5006, 5000)
(10791, 1, 5023, 5024, 5030, 5036, 5042, 5052)
(10792, 2, 5003, 5002, 5007, 5012, 5017, 5022, 5026, 5037)
(10793, 70, 5030, 5024, 5023, 5018, 5007)
(10794, 43, 5006, 5012, 5018, 5028, 5039, 5049)
(10795, 2, 5029, 5023, 5018, 5012, 5006, 5000)
(10796, 1, 5037, 5026, 5022, 5017, 5006)
(10797, 38, 5031, 5021, 5015, 5009)
(10798, 41, 5039, 5028, 5023, 5024, 5025, 5021, 5010)
(10799, 70, 5036, 5035, 5029, 5023, 5018, 5007)
(10800, 34, 5016, 5022, 5027, 5033, 5039)
(10801, 26, 5026, 5016, 5005)
(10802, 12, 5052, 5042, 5036, 5030)
(10803, 1, 5046, 5042, 5031, 5021, 5015)
(10804, 54, 5030, 5024, 5019, 5008)
(10805, 9, 5038, 5027, 5017, 5006)
(10806, 3, 5029, 5035, 5036, 5042, 5052)
(10807, 1, 5021, 5025, 5024, 5023, 5028, 5039, 5049)
(10808, 64, 5029, 5019, 5008)
(10809, 14, 5016, 5026, 5037)
(10810, 4, 5045, 5044, 5039, 5028, 5018, 5012, 5006, 5000)
(10811, 44, 5031, 5042, 5052)
(10812, 70, 5042, 5036, 5030, 5024, 5023, 5018)
(10813, 3, 5053, 5047, 5037, 5026)
(10814, 26, 5052, 5042, 5036, 5030)
(10815, 22, 5006, 5012, 5018, 5028)
(10816, 2, 5047, 5037, 5026)
(10817, 55, 5030, 5024, 5019, 5008)
(10818, 90, 5029, 5023, 5018, 5012, 5006, 5000)
(10819, 4, 5022, 5027, 5033, 5039, 5044, 5050, 5056)
(10820, 1, 5042, 5031, 5021, 5010)
(10821, 60, 5006, 5012, 5018, 5023, 5024, 5030)
(10822, 7, 5028, 5039, 5044, 5050, 5056)
(10823, 1, 5049, 5039, 5028)
(10824, 4, 5054, 5049, 5039, 5028, 5023, 5019)
(10825, 25, 5006, 5012, 5018, 5028)
(10826, 38, 5031, 5021, 5010)
(10827, 45, 5031, 5042, 5052)
(10828, 3, 5010, 5021, 5031, 5042, 5046)
(10829, 85, 5007, 5018, 5028, 5039, 5044, 5045)
(10830, 120, 5030, 5024, 5023, 5018, 5012, 5006)
(10831, 107, 5030, 5041, 5051)
(10832, 24, 5038, 5027, 5017, 5012, 5007)
(10833, 75, 5019, 5024, 5030, 5041, 5051)
(10834, 90, 5044, 5039, 5028, 5018, 5012)
(10835, 35, 5006, 5012, 5018, 5023, 5029, 5035)
(10836, 1, 5047, 5037, 5026, 5022, 5017, 5012, 5007, 5002, 5003)
(10837, 120, 5030, 5024, 5023, 5018, 5012, 5006, 5000)
(10838, 121, 5030, 5024, 5023, 5018, 5012, 5006, 5000)
(10839, 4, 5022, 5027, 5033, 5039, 5049)
(10840, 3, 5010, 5021, 5031, 5042, 5052)
(10841, 4, 5041, 5035, 5029, 5019)
(10842, 45, 5031, 5042, 5052)
(10843, 104, 5019, 5024, 5030, 5041, 5051)
(10844, 121, 5030, 5024, 5023, 5018, 5012, 5006, 5000)
(10845, 8, 5054, 5049, 5039, 5028, 5023, 5024, 5025, 5021)
(10846, 4, 5042, 5031, 5021, 5010)
(10847, 34, 5000, 5006, 5012, 5018, 5028, 5039, 5044, 5050)
(10848, 50, 5031, 5042, 5052)
(10849, 1, 5045, 5044, 5039, 5028, 5018, 5012, 5011)
(10850, 1, 5037, 5026, 5022, 5017, 5012, 5007)
(10851, 26, 5047, 5037, 5026, 5016)
(10852, 38, 5031, 5021, 5015, 5009)
(10853, 6, 5041, 5035, 5029, 5023, 5018, 5012, 5006, 5000)
(10854, 6, 5021, 5031, 5042, 5046, 5051)
(10855, 7, 5052, 5042, 5031, 5021)
(10856, 4, 5005, 5016, 5026, 5037, 5047, 5053)
(10857, 39, 5031, 5021, 5010)
(10858, 50, 5006, 5012, 5018, 5023, 5029, 5035, 5036)
(10859, 8, 5051, 5045, 5044, 5039, 5033, 5027)
(10860, 4, 5024, 5030, 5041, 5051)
(10861, 26, 5037, 5026, 5022, 5017, 5012, 5007, 5002)
(10862, 7, 5028, 5039, 5044, 5050, 5056)
(10863, 29, 5012, 5018, 5028, 5039, 5044, 5045)
(10864, 50, 5031, 5042, 5052)
(10865, 3, 5051, 5041, 5030, 5024)
(10866, 26, 5026, 5016, 5005)
(10867, 3, 5028, 5018, 5007)
(10868, 1, 5046, 5042, 5031, 5021, 5015)
(10869, 93, 5052, 5042, 5036, 5030, 5024, 5023, 5018, 5012, 5011)
(10870, 2, 5041, 5030, 5024, 5019, 5008)
(10871, 7, 5022, 5027, 5033, 5039, 5044, 5050, 5056, 5057)
(10872, 7, 5022, 5027, 5033, 5039, 5044, 5050, 5056, 5057)
(10873, 2, 5036, 5030, 5024, 5023, 5018, 5012, 5006)
(10874, 1, 5046, 5042, 5031, 5021, 5015)
(10875, 7, 5029, 5040, 5050)
(10876, 36, 5024, 5030, 5041, 5051)
(10877, 4, 5047, 5037, 5026, 5022, 5017, 5012, 5007, 5002, 5003)
(10878, 11, 5028, 5018, 5012, 5006)
(10879, 3, 5036, 5030, 5024, 5023, 5018, 5012, 5006)
(10880, 7, 5045, 5046, 5042, 5031, 5021, 5010)
(10881, 3, 5007, 5018, 5028)
(10882, 4, 5020, 5030, 5036, 5042)
(10883, 7, 5000, 5006, 5017, 5027)
(10884, 26, 5047, 5037, 5026, 5022, 5017, 5012, 5007, 5002, 5003, 5004)
(10885, 70, 5042, 5036, 5030, 5024, 5023, 5018, 5007)
(10886, 70, 5009, 5020, 5024, 5023, 5028, 5039)
(10887, 70, 5029, 5023, 5018, 5007)
(10888, 1, 5047, 5037, 5026)
(10889, 4, 5004, 5003, 5002, 5007, 5012, 5017, 5027, 5038)
(10890, 2, 5051, 5046, 5042, 5031, 5021)
(10891, 2, 5010, 5021, 5031, 5042, 5052)
(10892, 59, 5009, 5020, 5030, 5036)
(10893, 25, 5006, 5017, 5027, 5038)
(10894, 1, 5036, 5035, 5029, 5023, 5018, 5012, 5006, 5000)
(10895, 55, 5030, 5024, 5019, 5014, 5009)
(10896, 2, 5000, 5006, 5012, 5018, 5028, 5039, 5049)
(10897, 39, 5027, 5033, 5039, 5044, 5050, 5056)
(10898, 25, 5038, 5027, 5017, 5012, 5007, 5002, 5003, 5004)
(10899, 26, 5037, 5026, 5022, 5017, 5012, 5007, 5002)
(10900, 74, 5052, 5042, 5036, 5030, 5024, 5023, 5018, 5007)
(10901, 1, 5010, 5021, 5031, 5042, 5046)
(10902, 2, 5029, 5023, 5018, 5012, 5006, 5000)
(10903, 25, 5038, 5027, 5017, 5012, 5007)
(10904, 37, 5038, 5027, 5017, 5006)
(10905, 4, 5035, 5029, 5023, 5018, 5012, 5006)
(10906, 90, 5044, 5039, 5028, 5018, 5012, 5011)
(10907, 50, 5006, 5012, 5018, 5023, 5029, 5035, 5036, 5042, 5052)
(10908, 90, 5044, 5039, 5028, 5018, 5012, 5011)
(10909, 3, 5010, 5021, 5031, 5042, 5046)
(10910, 26, 5026, 5016, 5005)
(10911, 39, 5027, 5033, 5039, 5044, 5050, 5056)
(10912, 107, 5030, 5036, 5042, 5052)
(10913, 8, 5045, 5044, 5039, 5028, 5018, 5012, 5006)
(10914, 39, 5027, 5033, 5039, 5044, 5050, 5056, 5057)
(10915, 3, 5026, 5037, 5047, 5053)
(10916, 3, 5021, 5031, 5042, 5052)
(10917, 1, 5027, 5038, 5048)
(10918, 3, 5028, 5039, 5049)
(10919, 26, 5047, 5037, 5026, 5016, 5005)
(10920, 2, 5009, 5020, 5030, 5036, 5042)
(10921, 8, 5050, 5044, 5039, 5033, 5027, 5022, 5016)
(10922, 34, 5027, 5033, 5039, 5044, 5050)
(10923, 2, 5050, 5045, 5046, 5042, 5031, 5021, 5010)
(10924, 2, 5028, 5018, 5012, 5006, 5000)
(10925, 2, 5028, 5018, 5012, 5006, 5000)
(10926, 1, 5029, 5023, 5018, 5012, 5006, 5000)
(10927, 4, 5051, 5041, 5030)
(10928, 1, 5026, 5016, 5005)
(10929, 2, 5041, 5030, 5024, 5019, 5008)
(10930, 45, 5039, 5028, 5018, 5007, 5002, 5003)
(10931, 1, 5027, 5038, 5048)
(10932, 10, 5006, 5017, 5022, 5026, 5037)
(10933, 67, 5031, 5042, 5052)
(10934, 4, 5040, 5029, 5024, 5025, 5021, 5010)
(10935, 123, 5030, 5024, 5023, 5018, 5012, 5006)
(10936, 3, 5024, 5030, 5041, 5051)
(10937, 4, 5004, 5003, 5002, 5007, 5012, 5017, 5027, 5038)
(10938, 36, 5024, 5030, 5041, 5051)
(10939, 4, 5042, 5031, 5021)
(10940, 2, 5047, 5037, 5026, 5022, 5017, 5012, 5007, 5002)
(10941, 3, 5018, 5028, 5039, 5044)
(10942, 108, 5030, 5041, 5051)
(10943, 54, 5042, 5036, 5030, 5024, 5019)
(10944, 3, 5029, 5035, 5036, 5042, 5052)
(10945, 75, 5008, 5019, 5024, 5030, 5041, 5051)
(10946, 1, 5045, 5046, 5042, 5031, 5021, 5010)
(10947, 6, 5026, 5037, 5047)
(10948, 17, 5016, 5026, 5037, 5043, 5048, 5054)
(10949, 8, 5051, 5045, 5044, 5039, 5028, 5018, 5007)
(10950, 3, 5027, 5017, 5006)
(10951, 2, 5056, 5051, 5046, 5042, 5031, 5021, 5010)
(10952, 60, 5009, 5020, 5030, 5036)
(10953, 1, 5048, 5038, 5027, 5017)
(10954, 9, 5021, 5025, 5024, 5023, 5028, 5039, 5049, 5054)
(10955, 1, 5008, 5019, 5024, 5030, 5041, 5051)
(10956, 26, 5053, 5047, 5037, 5026, 5016, 5005)
(10957, 57, 5011, 5012, 5018, 5023, 5024, 5030, 5036, 5042)
(10958, 3, 5045, 5044, 5039, 5028, 5018, 5012, 5006)
(10959, 6, 5010, 5021, 5031)
(10960, 9, 5022, 5027, 5033, 5039, 5049)
(10961, 64, 5029, 5019, 5008)
(10962, 9, 5004, 5009, 5020, 5024, 5023, 5028, 5039, 5049, 5054)
(10963, 1, 5002, 5007, 5012, 5017, 5022, 5026, 5037)
(10964, 2, 5026, 5016, 5005)
(10965, 1, 5027, 5033, 5039, 5044, 5050)
(10966, 85, 5007, 5018, 5028, 5039, 5044, 5050, 5056)
(10967, 3, 5002, 5007, 5018, 5028, 5039, 5049)
(10968, 2, 5053, 5047, 5037, 5026, 5016)
(10969, 3, 5049, 5039, 5028, 5018, 5012, 5006)
(10970, 15, 5048, 5038, 5027, 5017, 5012, 5013)
(10971, 39, 5031, 5021, 5015, 5009)
(10972, 17, 5016, 5026, 5037, 5043, 5048, 5054)
(10973, 1, 5037, 5026, 5016)
(10974, 45, 5027, 5033, 5039, 5044, 5050, 5056)
(10975, 2, 5036, 5030, 5024, 5019, 5008)
(10976, 2, 5009, 5020, 5024, 5029, 5040)
(10977, 2, 5007, 5012, 5017, 5027, 5038, 5048)
(10978, 50, 5006, 5012, 5018, 5028, 5039, 5049)
(10979, 44, 5012, 5018, 5028, 5039, 5044, 5050, 5056)
(10980, 17, 5016, 5026, 5037, 5047, 5053)
(10981, 1, 5028, 5018, 5012, 5006, 5000)
(10982, 3, 5012, 5018, 5028, 5039, 5044, 5050, 5056)
(10983, 2, 5000, 5006, 5012, 5018, 5028, 5034, 5035)
(10984, 15, 5048, 5038, 5027, 5017, 5012, 5007)
(10985, 74, 5009, 5020, 5024, 5023, 5028, 5039)
(10986, 72, 5019, 5029, 5035, 5041)
(10987, 26, 5026, 5016, 5005)
(10988, 26, 5047, 5037, 5026, 5022, 5017, 5012)
(10989, 2, 5029, 5023, 5018, 5007)
(10990, 67, 5031, 5042, 5052)
(10991, 86, 5007, 5018, 5028, 5039)
(10992, 26, 5047, 5037, 5026)
(10993, 68, 5031, 5042, 5052)
(10994, 1, 5012, 5018, 5028, 5039, 5044, 5045)
(10995, 4, 5026, 5037, 5047)
(10996, 4, 5028, 5018, 5007)
(10997, 34, 5012, 5018, 5028, 5039, 5049)
(10998, 1, 5011, 5012, 5018, 5023, 5024, 5030, 5036, 5042)
(10999, 3, 5020, 5030, 5036, 5042)
(11000, 62, 5006, 5012, 5018, 5023, 5024, 5030, 5036, 5042)
(11001, 17, 5016, 5026, 5037, 5047)
(11002, 72, 5019, 5029, 5035, 5041, 5051)
(11003, 70, 5029, 5023, 5018, 5007)
(11004, 70, 5051, 5041, 5035, 5029, 5023, 5018)
(11005, 26, 5026, 5016, 5005)
(11006, 108, 5030, 5041, 5051)
(11007, 11, 5007, 5012, 5017, 5027, 5038)
(11008, 2, 5002, 5007, 5018, 5028, 5039)
(11009, 1, 5042, 5036, 5035, 5029, 5023, 5018, 5012, 5011)
(11010, 1, 5031, 5021, 5015, 5009)
(11011, 13, 5028, 5018, 5012, 5006, 5000)
(11012, 7, 5028, 5039, 5044, 5050)
(11013, 68, 5031, 5042, 5052)
(11014, 18, 5016, 5026, 5037, 5047, 5053)
(11015, 57, 5018, 5023, 5024, 5030, 5036, 5042, 5052)
(11016, 3, 5040, 5029, 5019, 5008)
(11017, 1, 5039, 5028, 5018, 5007)
(11018, 1, 5021, 5031, 5042, 5046, 5051)
(11019, 93, 5052, 5042, 5036, 5030, 5024, 5023, 5018, 5012)
(11020, 90, 5029, 5023, 5018, 5012, 5006)
(11021, 5, 5028, 5018, 5007)
(11022, 75, 5008, 5019, 5024, 5030, 5036)
(11023, 26, 5038, 5027, 5017)
(11024, 26, 5026, 5016, 5005)
(11025, 77, 5019, 5023, 5028, 5039, 5049, 5054, 5053)
(11026, 52, 5006, 5012, 5018, 5028, 5039, 5044, 5050)
(11027, 5, 5040, 5035, 5036, 5031, 5021, 5010)
(11028, 90, 5029, 5023, 5018, 5012, 5006)
(11029, 1, 5007, 5018, 5023, 5024, 5030)
(11030, 8, 5049, 5039, 5033, 5027, 5022, 5016)
(11031, 52, 5006, 5012, 5018, 5028, 5039)
(11032, 9, 5004, 5009, 5020, 5024, 5023, 5028, 5039, 5049)
(11033, 34, 5016, 5022, 5027, 5033, 5039, 5044, 5045)
(11034, 26, 5026, 5016, 5005)
(11035, 71, 5031, 5042, 5052)
(11036, 2, 5053, 5054, 5049, 5039, 5028, 5023, 5024, 5025, 5021)
(11037, 34, 5000, 5006, 5012, 5018, 5028, 5039, 5044, 5050)
(11038, 28, 5038, 5027, 5017)
(11039, 38, 5046, 5042, 5031, 5021, 5015)
(11040, 36, 5024, 5030, 5041, 5051)
(11041, 1, 5040, 5029, 5019, 5008)
(11042, 29, 5018, 5028, 5039, 5044, 5045)
(11043, 8, 5050, 5044, 5039, 5033, 5027)
(11044, 1, 5003, 5002, 5007, 5012, 5017, 5022, 5026, 5037, 5047)
(11045, 3, 5009, 5020, 5024, 5029, 5040)
(11046, 57, 5018, 5023, 5024, 5030, 5036, 5042, 5052)
(11047, 4, 5012, 5018, 5028, 5039, 5044, 5050, 5056)
(11048, 2, 5028, 5018, 5007)
(11049, 2, 5029, 5035, 5041, 5051)
(11050, 8, 5048, 5038, 5027)
(11051, 8, 5045, 5044, 5039, 5028, 5018, 5012, 5006)
(11052, 39, 5016, 5026, 5032, 5033, 5039, 5044, 5050, 5056)
(11053, 2, 5045, 5044, 5039, 5028, 5018, 5012, 5011)
(11054, 3, 5021, 5031, 5042)
(11055, 26, 5037, 5026, 5022, 5017, 5012, 5007, 5002, 5003)
(11056, 26, 5026, 5016, 5005)
(11057, 1, 5028, 5018, 5012, 5006, 5000)
(11058, 26, 5053, 5047, 5037, 5026, 5016, 5005)
(11059, 65, 5029, 5019, 5008)
(11060, 4, 5005, 5016, 5026, 5037, 5047)
(11061, 6, 5021, 5031, 5042, 5046, 5051, 5056)
(11062, 26, 5043, 5037, 5026, 5016)
(11063, 52, 5006, 5012, 5018, 5028, 5039, 5044)
(11064, 4, 5010, 5021, 5031, 5042, 5046)
(11065, 92, 5029, 5023, 5018, 5012, 5006, 5000)
(11066, 26, 5006, 5012, 5018, 5028)
(11067, 52, 5006, 5012, 5018, 5028, 5039)
(11068, 8, 5052, 5046, 5045, 5044, 5039, 5033, 5027)
(11069, 2, 5049, 5039, 5028, 5023, 5024, 5025, 5021, 5010)
(11070, 74, 5052, 5042, 5036, 5030, 5024, 5023)
(11071, 90, 5050, 5044, 5039, 5028, 5018, 5012, 5006, 5000)
(11072, 1, 5011, 5012, 5018, 5023, 5024, 5030, 5036, 5042)
(11073, 56, 5030, 5024, 5019, 5014, 5009)
(11074, 72, 5019, 5029, 5035, 5036, 5042)
(11075, 45, 5044, 5039, 5028, 5018)
(11076, 26, 5047, 5037, 5026, 5016, 5005)
(11077, 9, 5022, 5027, 5033, 5039, 5049)
(11078, 7, 5028, 5039, 5044, 5050, 5056)
(11079, 1, 5008, 5019, 5029, 5035, 5036, 5042, 5052)
(11080, 11, 5036, 5030, 5024, 5023, 5018, 5012, 5006, 5000)
(11081, 44, 5000, 5006, 5012, 5018, 5028, 5034, 5035, 5036, 5042, 5052)
(11082, 40, 5009, 5020, 5030, 5041, 5051)
(11083, 9, 5021, 5025, 5024, 5023, 5028, 5039, 5049, 5054, 5053)
(11084, 2, 5012, 5018, 5028, 5039, 5049)
(11085, 38, 5046, 5042, 5031, 5021, 5015)
(11086, 56, 5030, 5024, 5019, 5008)
(11087, 109, 5030, 5041, 5051)
(11088, 2, 5046, 5042, 5031, 5021, 5015, 5009)
(11089, 72, 5019, 5029, 5040, 5050)
(11090, 71, 5031, 5042, 5052)
(11091, 2, 5010, 5021, 5031)
(11092, 26, 5026, 5016, 5005)
(11093, 10, 5009, 5020, 5024, 5029, 5040)
(11094, 34, 5012, 5018, 5028, 5039, 5044)
(11095, 26, 5047, 5037, 5026, 5016)
(11096, 109, 5030, 5041, 5051)
(11097, 26, 5037, 5026, 5022, 5017, 5012, 5007, 5002)
(11098, 45, 5027, 5033, 5039, 5044, 5050, 5056, 5057)
(11099, 4, 5024, 5030, 5036, 5042, 5052)
(11100, 29, 5027, 5033, 5039, 5049)
(11101, 1, 5018, 5028, 5039, 5049)
(11102, 112, 5030, 5036, 5042, 5052)
(11103, 8, 5049, 5039, 5033, 5027)
(11104, 3, 5028, 5039, 5049)
(11105, 4, 5027, 5017, 5006)
(11106, 8, 5049, 5039, 5028, 5018, 5007, 5002, 5003)
(11107, 112, 5030, 5036, 5042, 5052)
(11108, 23, 5027, 5038, 5048)
(11109, 3, 5007, 5018, 5023, 5024, 5030)
(11110, 1, 5038, 5027, 5022, 5016)
(11111, 11, 5051, 5041, 5030, 5024)
(11112, 71, 5031, 5042, 5052)
(11113, 1, 5042, 5036, 5030, 5024, 5019, 5008)
(11114, 3, 5029, 5035, 5036, 5042, 5052)
(11115, 123, 5052, 5042, 5036, 5035, 5029, 5023, 5018, 5012, 5006, 5000)
(11116, 1, 5000, 5006, 5012, 5018, 5028, 5034, 5035, 5036, 5042)
(11117, 26, 5047, 5037, 5026, 5022, 5017, 5012, 5007, 5002, 5003, 5004)
(11118, 3, 5021, 5031, 5042, 5046, 5051)
(11119, 60, 5009, 5020, 5030, 5036, 5042, 5052)
(11120, 104, 5019, 5024, 5030, 5036, 5042, 5052)
(11121, 77, 5019, 5023, 5028, 5039, 5049, 5054, 5053)
(11122, 4, 5029, 5035, 5036, 5042, 5052)
(11123, 2, 5028, 5039, 5044, 5050, 5056)
(11124, 2, 5028, 5018, 5012, 5006)
(11125, 86, 5007, 5018, 5028, 5039, 5044, 5045)
(11126, 8, 5027, 5017, 5006, 5000)
(11127, 5, 5008, 5019, 5029, 5035, 5041)
(11128, 7, 5042, 5031, 5021, 5010)
(11129, 2, 5028, 5018, 5012, 5006)
(11130, 7, 5012, 5017, 5027, 5032, 5037, 5047)
(11131, 7, 5014, 5019, 5023, 5028, 5039, 5049, 5054, 5053)
(11132, 62, 5009, 5020, 5030, 5036, 5042)
(11133, 77, 5019, 5023, 5028, 5039, 5049, 5054)
(11134, 104, 5007, 5018, 5023, 5024, 5030)
(11135, 104, 5007, 5018, 5023, 5024, 5030, 5036)
(11136, 26, 5037, 5026, 5016, 5005)
(11137, 112, 5030, 5036, 5042, 5052)
(11138, 7, 5042, 5031, 5021, 5015)
(11139, 1, 5047, 5037, 5026, 5022, 5017, 5012, 5007)
(11140, 6, 5010, 5021, 5031, 5042, 5046)
(11141, 92, 5029, 5023, 5018, 5012, 5006)
(11142, 7, 5052, 5042, 5031, 5021, 5015)
(11143, 34, 5012, 5018, 5028, 5039)
(11144, 72, 5031, 5042, 5052)
(11145, 2, 5018, 5028, 5039, 5049)
(11146, 9, 5022, 5027, 5033, 5039, 5044, 5050, 5056, 5057)
(11147, 3, 5049, 5039, 5028)
(11148, 3, 5018, 5028, 5039, 5049)
(11149, 8, 5048, 5038, 5027)
(11150, 13, 5028, 5018, 5012, 5006)
(11151, 90, 5042, 5036, 5030, 5024, 5023, 5018, 5012, 5006, 5000)
(11152, 90, 5028, 5018, 5012, 5006, 5000)
(11153, 55, 5006, 5012, 5018, 5028, 5039)
(11154, 24, 5000, 5006, 5012, 5018, 5028)
(11155, 5, 5028, 5018, 5012, 5006, 5000)
(11156, 4, 5027, 5017, 5006)
(11157, 45, 5050, 5044, 5039, 5028, 5018)
(11158, 5, 5029, 5035, 5036, 5042, 5052)
(11159, 23, 5016, 5022, 5027, 5038)
(11160, 64, 5052, 5042, 5036, 5035, 5029, 5019, 5008)
(11161, 4, 5024, 5030, 5036, 5042, 5052)
(11162, 31, 5006, 5017, 5027, 5038)
(11163, 1, 5029, 5035, 5036, 5042, 5052)
(11164, 57, 5024, 5030, 5036, 5042, 5052)
(11165, 18, 5016, 5026, 5037, 5043, 5048, 5054)
(11166, 45, 5045, 5044, 5039, 5028, 5018, 5007)
(11167, 62, 5006, 5012, 5018, 5023, 5024, 5030, 5036)
(11168, 90, 5036, 5035, 5029, 5023, 5018, 5012, 5006, 5000)
(11169, 3, 5047, 5037, 5026, 5022, 5017, 5012, 5007, 5002, 5003, 5004)
(11170, 77, 5052, 5042, 5036, 5035, 5029, 5023, 5018, 5007)
(11171, 38, 5042, 5031, 5021, 5015, 5009)
(11172, 4, 5024, 5030, 5036, 5042, 5052)
(11173, 90, 5044, 5039, 5028, 5018, 5012, 5011)
(11174, 4, 5012, 5018, 5023, 5029, 5035, 5036, 5042, 5052)
(11175, 28, 5038, 5027, 5017, 5012, 5007, 5002)
(11176, 55, 5006, 5012, 5018, 5028, 5039, 5044)
(11177, 45, 5044, 5039, 5028, 5018, 5007)
(11178, 2, 5039, 5028, 5018, 5007, 5002, 5003)
(11179, 28, 5038, 5027, 5017, 5012, 5007, 5002)
(11180, 6, 5041, 5035, 5029, 5023, 5018)
(11181, 36, 5016, 5022, 5027, 5033, 5039)
(11182, 75, 5008, 5019, 5024, 5030, 5041)
(11183, 65, 5029, 5019, 5008)
(11184, 59, 5000, 5006, 5012, 5018, 5023, 5024, 5030, 5036, 5042, 5052)
(11185, 3, 5020, 5024, 5023, 5028, 5039, 5049)
(11186, 27, 5037, 5026, 5022, 5017, 5012, 5007, 5002)
(11187, 45, 5021, 5031, 5042, 5046, 5051, 5056, 5055)
(11188, 4, 5018, 5028, 5039, 5044, 5045)
(11189, 57, 5011, 5012, 5018, 5023, 5024, 5030, 5036, 5042)
(11190, 77, 5019, 5023, 5028, 5039, 5049)
(11191, 4, 5012, 5018, 5028, 5039, 5049)
(11192, 61, 5006, 5012, 5018, 5023, 5029)
(11193, 76, 5019, 5029, 5035, 5036, 5042, 5052)
(11194, 1, 5050, 5045, 5046, 5042, 5031, 5021)
(11195, 70, 5051, 5041, 5035, 5029, 5023, 5018)
(11196, 90, 5036, 5030, 5024, 5023, 5018, 5012, 5006)
(11197, 36, 5016, 5026, 5032, 5033, 5039)
(11198, 44, 5011, 5012, 5018, 5023, 5029, 5035, 5036, 5042, 5052)
(11199, 61, 5006, 5012, 5018, 5028, 5039, 5049)
(11200, 3, 5028, 5039, 5044, 5050, 5056)
(11201, 26, 5026, 5016, 5005)
(11202, 112, 5030, 5041, 5051)
(11203, 3, 5007, 5018, 5028)
(11204, 3, 5028, 5039, 5044, 5050, 5056)
(11205, 65, 5029, 5019, 5008)
(11206, 1, 5008, 5019, 5029)
(11207, 64, 5036, 5035, 5029, 5019, 5008)
(11208, 3, 5047, 5037, 5026, 5022, 5017, 5012)
(11209, 1, 5011, 5012, 5018, 5023, 5024, 5030, 5036, 5042)
(11210, 104, 5019, 5024, 5030, 5041, 5051)
(11211, 2, 5028, 5039, 5049)
(11212, 1, 5049, 5039, 5028)
(11213, 28, 5038, 5027, 5017, 5012, 5007, 5002)
(11214, 1, 5027, 5033, 5039, 5049)
(11215, 3, 5018, 5023, 5024, 5030, 5036, 5042)
(11216, 8, 5027, 5017, 5006)
(11217, 5, 5017, 5027, 5038)
(11218, 1, 5027, 5033, 5039, 5044, 5050, 5056)
(11219, 3, 5007, 5018, 5028, 5034)
(11220, 90, 5039, 5028, 5018, 5012, 5006, 5000)
(11221, 64, 5052, 5042, 5036, 5035, 5029, 5019, 5008)
(11222, 113, 5030, 5036, 5042, 5052)
(11223, 1, 5029, 5023, 5018, 5012, 5006)
(11224, 9, 5022, 5027, 5033, 5039, 5044, 5050, 5056, 5057)
(11225, 1, 5051, 5041, 5035, 5029, 5023, 5018, 5007)
(11226, 3, 5040, 5029, 5019)
(11227, 5, 5023, 5029, 5035, 5036, 5042, 5052)
(11228, 5, 5028, 5018, 5012, 5006)
(11229, 36, 5016, 5026, 5032, 5033, 5039)
(11230, 1, 5031, 5021, 5010)
(11231, 5, 5040, 5029, 5019)
(11232, 123, 5052, 5042, 5036, 5035, 5029, 5023, 5018, 5012, 5011)
(11233, 6, 5035, 5029, 5019, 5008)
(11234, 94, 5052, 5042, 5036, 5030, 5024, 5023, 5018, 5012, 5011)
(11235, 29, 5027, 5033, 5039, 5049)
(11236, 92, 5029, 5023, 5018, 5012, 5006, 5000)
(11237, 11, 5007, 5012, 5017, 5027, 5032, 5037)
(11238, 4, 5035, 5029, 5019, 5014, 5009)
(11239, 3, 5043, 5037, 5026, 5016)
(11240, 34, 5027, 5033, 5039, 5044, 5050)
(11241, 1, 5054, 5049, 5039, 5028, 5023, 5019, 5014)
(11242, 34, 5012, 5018, 5028, 5039, 5044, 5045)
(11243, 4, 5026, 5037, 5047, 5053)
(11244, 86, 5007, 5018, 5028, 5039)
(11245, 72, 5031, 5042, 5052)
(11246, 3, 5039, 5028, 5018, 5012, 5006, 5000)
(11247, 76, 5019, 5029, 5040)
(11248, 5, 5005, 5016, 5026, 5037)
(11249, 123, 5030, 5024, 5023, 5018, 5012, 5006)
(11250, 90, 5045, 5044, 5039, 5028, 5018, 5012)
(11251, 1, 5039, 5028, 5018, 5007, 5002, 5003)
(11252, 38, 5042, 5031, 5021, 5010)
(11253, 28, 5026, 5016, 5005)
(11254, 9, 5027, 5017, 5006, 5000)
(11255, 28, 5026, 5016, 5005)
(11256, 57, 5024, 5030, 5036, 5042, 5052)
(11257, 7, 5004, 5003, 5002, 5007, 5012, 5017, 5027, 5032, 5037)
(11258, 86, 5007, 5018, 5028, 5039)
(11259, 90, 5045, 5044, 5039, 5028, 5018, 5012, 5006, 5000)
(11260, 1, 5007, 5018, 5028, 5039)
(11261, 29, 5027, 5033, 5039, 5049)
(11262, 1, 5037, 5026, 5022, 5017, 5006)
(11263, 27, 5047, 5037, 5026, 5022, 5017, 5012, 5013)
(11264, 31, 5038, 5027, 5017, 5012, 5007, 5002, 5003)
(11265, 27, 5047, 5037, 5026)
(11266, 23, 5050, 5044, 5039, 5033, 5027, 5022)
(11267, 73, 5031, 5042, 5052)
(11268, 4, 5028, 5018, 5007)
(11269, 39, 5031, 5021, 5015, 5009)
(11270, 6, 5017, 5022, 5026, 5037, 5047)
(11271, 20, 5016, 5026, 5037, 5043)
(11272, 124, 5030, 5024, 5023, 5018, 5012, 5006)
(11273, 44, 5021, 5031, 5042, 5052)
(11274, 54, 5052, 5042, 5036, 5030, 5024, 5019)
(11275, 66, 5006, 5012, 5018, 5023, 5024, 5030, 5036, 5042, 5052)
(11276, 3, 5020, 5030, 5036, 5042)
(11277, 46, 5027, 5033, 5039, 5044, 5050, 5056, 5057)
(11278, 2, 5051, 5045, 5044, 5039, 5033, 5032, 5026)
(11279, 76, 5019, 5029, 5035, 5036, 5042)
(11280, 70, 5030, 5024, 5023, 5018, 5007)
(11281, 9, 5022, 5027, 5033, 5039, 5044, 5050, 5056)
(11282, 1, 5021, 5031, 5042, 5046, 5051, 5056)
(11283, 20, 5016, 5026, 5037, 5043)
(11284, 23, 5027, 5038, 5048)
(11285, 90, 5044, 5039, 5028, 5018, 5012, 5011)
(11286, 2, 5036, 5035, 5029, 5019, 5008)
(11287, 73, 5031, 5042, 5052)
(11288, 38, 5010, 5021, 5031)
(11289, 27, 5037, 5026, 5016, 5005)
(11290, 45, 5010, 5021, 5031, 5042, 5046, 5051)
(11291, 2, 5002, 5007, 5018, 5028, 5039, 5044)
(11292, 9, 5021, 5025, 5024, 5023, 5028, 5039, 5049, 5054)
(11293, 31, 5038, 5027, 5017, 5012, 5007, 5002, 5003)
(11294, 113, 5030, 5041, 5051)
(11295, 23, 5027, 5038, 5048)
(11296, 23, 5044, 5039, 5033, 5027, 5022, 5016)
(11297, 45, 5021, 5031, 5042, 5046, 5051, 5056, 5055, 5054, 5053)
(11298, 7, 5028, 5039, 5044, 5050, 5056)
(11299, 75, 5031, 5042, 5052)
(11300, 3, 5049, 5039, 5028, 5023, 5024, 5025, 5021)
(11301, 3, 5043, 5037, 5026, 5016)
(11302, 7, 5002, 5007, 5012, 5017, 5027, 5038, 5048)
(11303, 4, 5012, 5018, 5028, 5039, 5044, 5050)
(11304, 2, 5036, 5035, 5029, 5019, 5008)
(11305, 57, 5030, 5024, 5019, 5014, 5009)
(11306, 8, 5048, 5038, 5027)
(11307, 44, 5000, 5006, 5012, 5018, 5028, 5039, 5044, 5050, 5056)
(11308, 1, 5004, 5003, 5002, 5007, 5012, 5017, 5027, 5032, 5037, 5047)
(11309, 75, 5031, 5042, 5052)
(11310, 65, 5006, 5012, 5018, 5028, 5039, 5044, 5045)
(11311, 76, 5031, 5042, 5052)
(11312, 36, 5016, 5022, 5027, 5033, 5039, 5049)
(11313, 57, 5018, 5023, 5024, 5030, 5036, 5042)
(11314, 27, 5047, 5037, 5026, 5022, 5017, 5012, 5007, 5002)
(11315, 1, 5000, 5006, 5012, 5018, 5028, 5039, 5044, 5050)
(11316, 40, 5009, 5020, 5030, 5041, 5051)
(11317, 57, 5030, 5024, 5019, 5008)
(11318, 2, 5047, 5037, 5026)
(11319, 70, 5021, 5025, 5024, 5023, 5028, 5039, 5049, 5054, 5053)
(11320, 28, 5026, 5016, 5005)
(11321, 2, 5041, 5030, 5024, 5019, 5008)
(11322, 76, 5031, 5042, 5052)
(11323, 58, 5030, 5024, 5019, 5008)
(11324, 8, 5049, 5039, 5028, 5018, 5007)
(11325, 70, 5029, 5023, 5018, 5007)
(11326, 90, 5042, 5036, 5035, 5029, 5023, 5018, 5012)
(11327, 7, 5004, 5003, 5002, 5007, 5012, 5017, 5027, 5032, 5037, 5047)
(11328, 4, 5053, 5054, 5049, 5044, 5040, 5035, 5036, 5031, 5021)
(11329, 6, 5008, 5019, 5029, 5040, 5050)
(11330, 44, 5011, 5012, 5018, 5023, 5029, 5035, 5036, 5042)
(11331, 57, 5018, 5023, 5024, 5030, 5036, 5042, 5052)
(11332, 1, 5044, 5039, 5028, 5018, 5012, 5011)
(11333, 37, 5016, 5022, 5027, 5033, 5039, 5049)
(11334, 1, 5018, 5028, 5039, 5049)
(11335, 76, 5019, 5029, 5035, 5041, 5051)
(11336, 92, 5029, 5023, 5018, 5012, 5006)
(11337, 1, 5047, 5037, 5026, 5022, 5017, 5012, 5013)
(11338, 45, 5021, 5031, 5042, 5046, 5051, 5056)
(11339, 40, 5016, 5022, 5027, 5033, 5039, 5044, 5045)
(11340, 78, 5019, 5023, 5028, 5039, 5049)
(11341, 34, 5027, 5033, 5039, 5044, 5050)
(11342, 31, 5038, 5027, 5017)
(11343, 8, 5051, 5045, 5044, 5039, 5033, 5027, 5022)
(11344, 46, 5027, 5033, 5039, 5044, 5050, 5056, 5057)
(11345, 9, 5027, 5017, 5006, 5000)
(11346, 4, 5053, 5047, 5037, 5026, 5016, 5005)
(11347, 23, 5044, 5039, 5033, 5027, 5022, 5016)
(11348, 2, 5049, 5039, 5028, 5018, 5007, 5002, 5003)
(11349, 62, 5009, 5020, 5030, 5036)
(11350, 1, 5040, 5029, 5019, 5014, 5009)
(11351, 59, 5023, 5024, 5030, 5036, 5042, 5052)
(11352, 57, 5024, 5030, 5036, 5042, 5052)
(11353, 2, 5051, 5045, 5044, 5039, 5028, 5018, 5007)
(11354, 37, 5016, 5022, 5027, 5033, 5039, 5049)
(11355, 58, 5018, 5023, 5024, 5030, 5036, 5042, 5052)
(11356, 114, 5030, 5041, 5051)
(11357, 29, 5026, 5016, 5005)
(11358, 44, 5021, 5031, 5042, 5052)
(11359, 7, 5051, 5046, 5042, 5031, 5021)
(11360, 26, 5043, 5037, 5026, 5016)
(11361, 1, 5047, 5037, 5026, 5016, 5005)
(11362, 5, 5020, 5030, 5041)
(11363, 29, 5026, 5016, 5005)
(11364, 6, 5005, 5016, 5026)
(11365, 46, 5031, 5021, 5015, 5009)
(11366, 27, 5000, 5006, 5012, 5018, 5028, 5034, 5035, 5036)
(11367, 32, 5038, 5027, 5017, 5012, 5007, 5002)
(11368, 2, 5028, 5018, 5012, 5006)
(11369, 45, 5050, 5044, 5039, 5028, 5018, 5007)
(11370, 92, 5042, 5036, 5030, 5024, 5023, 5018, 5012, 5006, 5000)
(11371, 2, 5002, 5007, 5012, 5017, 5027, 5038)
(11372, 114, 5030, 5036, 5042, 5052)
(11373, 28, 5037, 5026, 5022, 5017, 5012, 5007, 5002)
(11374, 5, 5050, 5040, 5029, 5019)
(11375, 3, 5004, 5009, 5020, 5024, 5023, 5028, 5039, 5049)
(11376, 78, 5019, 5023, 5028, 5039, 5049)
(11377, 77, 5031, 5042, 5052)
(11378, 32, 5038, 5027, 5017, 5012, 5007, 5002, 5003, 5004)
(11379, 2, 5045, 5046, 5042, 5031, 5021, 5010)
(11380, 1, 5004, 5003, 5002, 5007, 5012, 5017, 5027, 5032, 5037)
(11381, 4, 5051, 5041, 5035, 5029, 5023, 5018, 5012, 5006, 5000)
(11382, 1, 5047, 5037, 5026, 5022, 5017, 5012, 5007, 5002)
(11383, 45, 5021, 5031, 5042, 5046, 5051)
(11384, 44, 5010, 5021, 5031, 5042)
(11385, 20, 5016, 5026, 5037, 5043, 5048, 5054)
(11386, 5, 5008, 5019, 5029, 5035)
(11387, 66, 5006, 5012, 5018, 5023, 5024, 5030, 5036, 5042, 5052)
(11388, 25, 5027, 5038, 5048)
(11389, 3, 5047, 5037, 5026, 5022, 5017, 5006)
(11390, 4, 5018, 5028, 5039, 5044, 5050, 5056)
(11391, 77, 5031, 5042, 5052)
(11392, 3, 5039, 5028, 5018, 5007, 5002, 5003)
(11393, 34, 5012, 5018, 5028, 5039, 5044)
(11394, 117, 5030, 5041, 5051)
(11395, 27, 5047, 5037, 5026, 5022, 5017, 5012, 5013, 5014)
(11396, 1, 5012, 5018, 5028, 5039, 5044, 5045)
(11397, 90, 5039, 5028, 5018, 5012)
(11398, 78, 5031, 5042, 5052)
(11399, 90, 5050, 5044, 5039, 5028, 5018, 5012, 5006)
(11400, 11, 5007, 5012, 5017, 5027, 5038)
(11401, 1, 5051, 5046, 5042, 5031, 5021, 5015, 5009)
(11402, 2, 5028, 5018, 5012, 5006)
(11403, 1, 5026, 5016, 5005)
(11404, 34, 5027, 5033, 5039, 5044, 5050)
(11405, 27, 5047, 5037, 5026, 5022, 5017, 5012, 5007)
(11406, 46, 5022, 5027, 5033, 5039, 5044, 5050, 5056)
(11407, 34, 5000, 5006, 5012, 5018, 5028, 5039, 5049)
(11408, 54, 5052, 5042, 5036, 5030, 5024)
(11409, 75, 5009, 5014, 5019, 5029, 5040)
(11410, 38, 5042, 5031, 5021, 5015, 5009)
(11411, 1, 5028, 5039, 5049)
(11412, 4, 5018, 5028, 5039, 5044, 5050, 5056)
(11413, 90, 5044, 5039, 5028, 5018, 5012)
(11414, 93, 5029, 5023, 5018, 5012, 5006, 5000)
(11415, 90, 5039, 5028, 5018, 5012, 5006)
(11416, 7, 5049, 5044, 5045, 5046, 5042, 5031, 5021)
(11417, 28, 5037, 5026, 5022, 5017, 5012, 5007, 5002)
(11418, 2, 5054, 5049, 5039, 5028, 5023, 5019)
(11419, 2, 5028, 5039, 5044, 5050)
(11420, 67, 5006, 5012, 5018, 5023, 5024, 5030, 5036, 5042)
(11421, 29, 5018, 5028, 5039, 5049)
(11422, 44, 5021, 5031, 5042, 5052)
(11423, 4, 5035, 5029, 5019, 5008)
(11424, 65, 5006, 5012, 5018, 5028, 5039, 5049)
(11425, 3, 5036, 5035, 5029, 5019, 5008)
(11426, 75, 5008, 5019, 5024, 5030, 5041)
(11427, 18, 5037, 5032, 5027, 5017, 5012, 5007)
(11428, 27, 5047, 5037, 5026, 5022, 5017, 5012, 5007, 5002)
(11429, 4, 5051, 5041, 5035, 5029, 5023, 5018)
(11430, 78, 5031, 5042, 5052)
(11431, 29, 5026, 5016, 5005)
(11432, 28, 5037, 5026, 5016)
(11433, 3, 5045, 5046, 5042, 5031, 5021, 5010)
(11434, 79, 5031, 5042, 5052)
(11435, 38, 5042, 5031, 5021, 5015)
(11436, 37, 5038, 5027, 5017, 5006, 5000)
(11437, 60, 5037, 5026, 5022, 5017, 5006)
(11438, 2, 5036, 5030, 5024, 5023, 5018, 5007)
(11439, 38, 5016, 5022, 5027, 5033, 5039, 5049)
(11440, 79, 5031, 5042, 5052)
(11441, 6, 5026, 5037, 5047)
(11442, 9, 5027, 5017, 5006, 5000)
(11443, 65, 5029, 5019, 5008)
(11444, 65, 5006, 5012, 5018, 5028, 5039, 5044, 5050)
(11445, 8, 5051, 5045, 5044, 5039, 5028, 5018)
(11446, 1, 5045, 5044, 5039, 5028, 5018, 5012)
(11447, 44, 5010, 5021, 5031, 5042)
(11448, 9, 5027, 5017, 5006, 5000)
(11449, 44, 5021, 5031, 5042)
(11450, 78, 5019, 5023, 5028, 5039, 5049)
(11451, 26, 5043, 5037, 5026, 5016)
(11452, 15, 5048, 5038, 5027, 5017, 5012, 5007)
(11453, 38, 5010, 5021, 5031)
(11454, 2, 5004, 5003, 5002, 5007, 5012, 5017, 5027, 5032, 5037)
(11455, 45, 5044, 5039, 5028, 5018, 5007)
(11456, 1, 5003, 5002, 5007, 5012, 5017, 5022, 5026, 5037)
(11457, 117, 5030, 5041, 5051)
(11458, 11, 5051, 5041, 5030, 5024, 5019)
(11459, 28, 5047, 5037, 5026, 5022, 5017, 5012, 5013)
(11460, 2, 5050, 5040, 5029, 5019, 5014, 5009)
(11461, 93, 5029, 5023, 5018, 5012, 5006)
(11462, 34, 5038, 5027, 5017, 5012, 5007, 5002, 5003, 5004)
(11463, 2, 5036, 5030, 5024, 5019, 5008)
(11464, 88, 5007, 5018, 5028, 5039, 5049)
(11465, 90, 5028, 5018, 5012, 5006, 5000)
(11466, 18, 5048, 5038, 5027, 5017, 5012, 5007, 5002, 5003)
(11467, 104, 5031, 5042, 5052)
(11468, 78, 5019, 5023, 5028, 5039, 5049)
(11469, 7, 5028, 5039, 5044, 5050, 5056)
(11470, 3, 5002, 5007, 5018, 5028, 5039)
(11471, 2, 5035, 5029, 5019, 5014, 5009)
(11472, 1, 5029, 5023, 5018, 5012, 5006, 5000)
(11473, 2, 5041, 5035, 5029, 5023, 5018, 5012)
(11474, 22, 5016, 5026, 5037)
(11475, 79, 5019, 5023, 5028, 5039, 5049)
(11476, 1, 5039, 5028, 5018, 5012, 5006, 5000)
(11477, 5, 5020, 5024, 5029, 5040, 5050)
(11478, 22, 5016, 5026, 5037, 5043)
(11479, 54, 5036, 5030, 5024, 5019, 5008)
(11480, 88, 5007, 5018, 5028, 5034)
(11481, 65, 5006, 5012, 5018, 5028, 5039, 5049)
(11482, 70, 5051, 5041, 5035, 5029, 5023, 5018, 5007)
(11483, 4, 5041, 5035, 5029, 5023, 5018)
(11484, 45, 5050, 5044, 5039, 5028, 5018)
(11485, 36, 5027, 5033, 5039, 5049)
(11486, 45, 5037, 5032, 5027, 5017, 5006)
(11487, 46, 5027, 5033, 5039, 5044, 5050, 5056)
(11488, 28, 5037, 5026, 5016, 5005)
(11489, 36, 5000, 5006, 5012, 5018, 5028, 5039, 5049)
(11490, 104, 5031, 5042, 5052)
(11491, 63, 5009, 5020, 5030, 5036, 5042, 5052)
(11492, 59, 5000, 5006, 5012, 5018, 5023, 5024, 5030, 5036)
(11493, 28, 5047, 5037, 5026, 5022, 5017, 5012, 5007, 5002, 5003, 5004)
(11494, 3, 5028, 5039, 5044, 5050, 5056)
(11495, 27, 5000, 5006, 5012, 5018, 5028, 5034, 5035, 5036)
(11496, 94, 5052, 5042, 5036, 5030, 5024, 5023, 5018, 5012, 5006, 5000)
(11497, 8, 5049, 5039, 5028, 5018, 5007, 5002)
(11498, 29, 5026, 5016, 5005)
(11499, 104, 5007, 5018, 5023, 5024, 5030, 5036, 5042, 5052)
(11500, 2, 5021, 5031, 5042)
(11501, 9, 5027, 5017, 5006, 5000)
(11502, 25, 5027, 5038, 5048)
(11503, 28, 5047, 5037, 5026, 5022, 5017)
(11504, 1, 5026, 5037, 5047)
(11505, 4, 5017, 5027, 5038)
(11506, 22, 5016, 5026, 5037)
(11507, 8, 5049, 5039, 5028, 5018, 5007, 5002, 5003)
(11508, 2, 5020, 5030, 5041, 5051)
(11509, 9, 5003, 5002, 5007, 5012, 5017, 5022, 5026, 5037, 5047)
(11510, 1, 5031, 5021, 5015, 5009)
(11511, 10, 5027, 5017, 5006)
(11512, 58, 5030, 5024, 5019, 5014, 5009)
(11513, 9, 5049, 5039, 5033, 5027)
(11514, 3, 5003, 5002, 5007, 5012, 5017, 5022, 5026, 5037)
(11515, 45, 5021, 5031, 5042, 5046, 5051)
(11516, 70, 5042, 5036, 5030, 5024, 5023, 5018, 5007)
(11517, 1, 5007, 5012, 5017, 5027, 5032, 5037)
(11518, 1, 5012, 5018, 5028, 5039, 5044, 5050, 5056)
(11519, 44, 5021, 5031, 5042, 5052)
(11520, 105, 5031, 5042, 5052)
(11521, 66, 5029, 5019, 5008)
(11522, 28, 5047, 5037, 5026, 5016, 5005)
(11523, 45, 5021, 5031, 5042, 5046, 5051)
(11524, 45, 5045, 5044, 5039, 5028, 5018)
(11525, 1, 5026, 5016, 5005)
(11526, 104, 5019, 5024, 5030, 5041)
(11527, 10, 5027, 5017, 5006)
(11528, 40, 5016, 5026, 5032, 5033, 5039, 5044, 5045)
(11529, 46, 5022, 5027, 5033, 5039, 5044, 5050, 5056, 5057)
(11530, 57, 5024, 5030, 5036, 5042, 5052)
(11531, 36, 5024, 5030, 5041, 5051)
(11532, 104, 5007, 5018, 5023, 5024, 5030, 5036, 5042, 5052)
(11533, 47, 5022, 5027, 5033, 5039, 5044, 5050, 5056, 5057)
(11534, 34, 5038, 5027, 5017, 5012, 5007, 5002)
(11535, 1, 5049, 5039, 5028)
(11536, 38, 5042, 5031, 5021, 5015, 5009)
(11537, 45, 5038, 5027, 5017, 5006)
(11538, 2, 5004, 5009, 5020, 5024, 5023, 5028, 5039)
(11539, 118, 5030, 5041, 5051)
(11540, 79, 5019, 5029, 5040, 5050)
(11541, 92, 5042, 5036, 5035, 5029, 5023, 5018, 5012)
(11542, 58, 5024, 5030, 5036, 5042, 5052)
(11543, 29, 5037, 5026, 5022, 5017, 5012, 5007, 5002, 5003, 5004)
(11544, 70, 5029, 5023, 5018, 5007)
(11545, 58, 5024, 5030, 5036, 5042, 5052)
(11546, 34, 5022, 5027, 5033, 5039, 5044, 5050)
(11547, 7, 5020, 5024, 5023, 5028, 5039, 5049, 5054, 5053)
(11548, 4, 5049, 5039, 5028, 5018)
(11549, 2, 5051, 5041, 5035, 5029)
(11550, 34, 5018, 5028, 5039, 5044, 5050)
(11551, 66, 5029, 5019, 5008)
(11552, 95, 5052, 5042, 5036, 5030, 5024, 5023, 5018, 5012, 5006, 5000)
(11553, 45, 5039, 5028, 5018, 5007, 5002, 5003)
(11554, 67, 5006, 5012, 5018, 5023, 5029, 5035, 5036)
(11555, 105, 5031, 5042, 5052)
(11556, 77, 5052, 5042, 5036, 5035, 5029, 5023, 5018)
(11557, 63, 5009, 5020, 5030, 5041, 5051)
(11558, 29, 5018, 5028, 5039, 5049)
(11559, 4, 5035, 5029, 5023, 5018, 5012, 5006, 5000)
(11560, 93, 5029, 5023, 5018, 5012, 5006, 5000)
(11561, 4, 5020, 5030, 5041)
(11562, 106, 5031, 5042, 5052)
(11563, 135, 5030, 5036, 5042, 5052)
(11564, 79, 5019, 5023, 5028, 5039, 5049, 5054)
(11565, 29, 5018, 5028, 5039, 5044, 5045)
(11566, 10, 5027, 5017, 5006)
(11567, 39, 5018, 5028, 5039, 5044, 5050, 5056)
(11568, 34, 5038, 5027, 5017, 5012, 5007, 5002, 5003)
(11569, 106, 5031, 5042, 5052)
(11570, 11, 5027, 5017, 5006, 5000)
(11571, 34, 5038, 5027, 5017)
(11572, 43, 5046, 5042, 5031, 5021, 5015, 5009)
(11573, 73, 5006, 5012, 5018, 5028, 5039, 5049)
(11574, 93, 5029, 5023, 5018, 5012, 5006, 5000)
(11575, 70, 5021, 5025, 5024, 5023, 5028, 5039, 5049, 5054, 5053)
(11576, 34, 5018, 5028, 5039, 5044, 5050)
(11577, 58, 5024, 5030, 5036, 5042, 5052)
(11578, 135, 5030, 5036, 5042, 5052)
(11579, 25, 5027, 5038, 5048)
(11580, 4, 5035, 5029, 5023, 5018, 5012, 5006)
(11581, 1, 5026, 5016, 5005)
(11582, 6, 5017, 5022, 5026, 5037, 5047)
(11583, 38, 5042, 5031, 5021, 5010)
(11584, 46, 5027, 5033, 5039, 5044, 5050, 5056)
(11585, 6, 5054, 5049, 5044, 5040, 5035, 5036, 5031, 5021)
(11586, 11, 5027, 5017, 5006, 5000)
(11587, 46, 5021, 5031, 5042, 5046, 5051, 5056)
(11588, 10, 5006, 5017, 5022, 5026, 5037)
(11589, 3, 5036, 5035, 5029, 5023, 5018, 5012, 5006)
(11590, 1, 5017, 5027, 5038, 5048)
(11591, 29, 5037, 5026, 5022, 5017, 5012, 5007)
(11592, 53, 5026, 5016, 5005)
(11593, 1, 5020, 5030, 5036, 5042, 5052)
(11594, 90, 5036, 5030, 5024, 5023, 5018, 5012, 5006, 5000)
(11595, 2, 5012, 5018, 5028, 5039, 5044, 5050)
(11596, 44, 5021, 5031, 5042, 5052)
(11597, 15, 5027, 5017, 5006)
(11598, 70, 5021, 5025, 5024, 5023, 5028, 5039, 5049, 5054, 5053)
(11599, 118, 5030, 5041, 5051)
(11600, 35, 5038, 5027, 5017, 5012, 5007, 5002)
(11601, 37, 5027, 5017, 5006)
(11602, 2, 5048, 5038, 5027, 5017, 5012, 5007, 5002)
(11603, 35, 5038, 5027, 5017)
(11604, 36, 5038, 5027, 5017, 5012, 5007)
(11605, 74, 5009, 5020, 5024, 5023, 5028, 5039)
(11606, 104, 5007, 5018, 5023, 5024, 5030, 5036, 5042, 5052)
(11607, 38, 5052, 5042, 5031, 5021, 5010)
(11608, 36, 5038, 5027, 5017, 5012, 5007)
(11609, 5, 5050, 5040, 5029, 5019)
(11610, 119, 5030, 5041, 5051)
(11611, 45, 5050, 5044, 5039, 5028, 5018, 5007)
(11612, 8, 5002, 5007, 5018, 5028, 5039, 5049)
(11613, 57, 5011, 5012, 5018, 5023, 5024, 5030, 5036, 5042)
(11614, 77, 5009, 5020, 5024, 5023, 5028, 5039, 5049)
(11615, 2, 5014, 5019, 5023, 5028, 5039, 5049, 5054)
(11616, 1, 5029, 5023, 5018, 5007)
(11617, 26, 5006, 5012, 5018, 5028)
(11618, 88, 5007, 5018, 5028, 5039, 5044)
(11619, 1, 5002, 5007, 5018, 5028, 5039, 5049)
(11620, 3, 5040, 5029, 5019, 5014, 5009)
(11621, 68, 5006, 5012, 5018, 5023, 5029)
(11622, 18, 5037, 5032, 5027, 5017, 5012, 5007, 5002, 5003)
(11623, 53, 5026, 5016, 5005)
(11624, 36, 5020, 5030, 5041)
(11625, 4, 5002, 5007, 5012, 5017, 5027, 5032, 5037)
(11626, 70, 5051, 5041, 5035, 5029, 5023, 5018, 5007)
(11627, 38, 5042, 5031, 5021, 5015, 5009)
(11628, 45, 5038, 5027, 5017, 5006)
(11629, 44, 5010, 5021, 5031, 5042, 5052)
(11630, 6, 5023, 5029, 5035, 5036, 5042, 5052)
(11631, 2, 5036, 5030, 5024, 5023, 5018, 5012, 5006)
(11632, 38, 5024, 5030, 5041, 5051)
(11633, 136, 5030, 5036, 5042, 5052)
(11634, 53, 5026, 5016, 5005)
(11635, 73, 5006, 5012, 5018, 5028, 5039, 5044, 5050, 5056)
(11636, 107, 5031, 5042, 5052)
(11637, 62, 5030, 5024, 5019, 5008)
(11638, 104, 5008, 5019, 5024, 5030, 5041)
(11639, 119, 5030, 5041, 5051)
(11640, 66, 5029, 5019, 5008)
(11641, 70, 5036, 5030, 5024, 5023, 5018, 5007)
(11642, 45, 5051, 5045, 5044, 5039, 5028, 5018, 5007)
(11643, 1, 5047, 5037, 5026)
(11644, 41, 5038, 5027, 5017, 5012, 5007, 5002, 5003)
(11645, 120, 5030, 5041, 5051)
(11646, 90, 5045, 5044, 5039, 5028, 5018, 5012, 5006)
(11647, 88, 5007, 5018, 5028, 5039)
(11648, 8, 5048, 5038, 5027, 5017)
(11649, 107, 5031, 5042, 5052)
(11650, 46, 5031, 5021, 5010)
(11651, 90, 5045, 5044, 5039, 5028, 5018, 5012, 5011)
(11652, 11, 5007, 5012, 5017, 5027, 5032, 5037, 5047)
(11653, 7, 5029, 5040, 5050)
(11654, 2, 5021, 5031, 5042, 5046, 5051, 5056, 5055, 5054)
(11655, 57, 5012, 5018, 5023, 5024, 5030, 5036, 5042, 5052)
(11656, 124, 5030, 5024, 5023, 5018, 5012, 5006, 5000)
(11657, 45, 5016, 5022, 5027, 5033, 5039, 5044, 5050)
(11658, 75, 5009, 5014, 5019, 5029, 5040)
(11659, 120, 5030, 5041, 5051)
(11660, 90, 5039, 5028, 5018, 5012, 5006, 5000)
(11661, 3, 5054, 5053, 5047, 5037, 5026)
(11662, 73, 5006, 5012, 5018, 5028, 5039, 5044, 5050, 5056)
(11663, 108, 5031, 5042, 5052)
(11664, 108, 5031, 5042, 5052)
(11665, 47, 5022, 5027, 5033, 5039, 5044, 5050, 5056, 5057)
(11666, 90, 5039, 5028, 5018, 5012)
(11667, 93, 5029, 5023, 5018, 5012, 5006, 5000)
(11668, 46, 5021, 5031, 5042, 5046, 5051, 5056, 5055, 5054, 5053)
(11669, 66, 5009, 5020, 5030, 5036)
(11670, 9, 5049, 5039, 5028)
(11671, 7, 5056, 5051, 5046, 5042, 5031, 5021)
(11672, 1, 5024, 5030, 5036, 5042, 5052)
(11673, 66, 5009, 5020, 5030, 5036)
(11674, 2, 5047, 5037, 5026, 5022, 5017)
(11675, 11, 5007, 5012, 5017, 5027, 5032, 5037, 5047)
(11676, 66, 5009, 5020, 5030, 5041, 5051)
(11677, 43, 5042, 5031, 5021)
(11678, 46, 5050, 5044, 5039, 5033, 5032, 5026)
(11679, 44, 5010, 5021, 5031, 5042, 5052)
(11680, 136, 5030, 5036, 5042, 5052)
(11681, 58, 5018, 5023, 5024, 5030, 5036, 5042, 5052)
(11682, 4, 5023, 5029, 5035, 5036, 5042, 5052)
(11683, 5, 5017, 5022, 5026, 5037, 5047)
(11684, 5, 5005, 5016, 5026)
(11685, 77, 5052, 5042, 5036, 5030, 5024, 5023, 5018)
(11686, 34, 5012, 5018, 5028, 5039, 5044, 5045)
(11687, 1, 5022, 5027, 5033, 5039, 5044, 5050, 5056, 5057)
(11688, 47, 5027, 5033, 5039, 5044, 5050, 5056)
(11689, 1, 5053, 5047, 5037, 5026)
(11690, 70, 5029, 5023, 5018, 5007)
(11691, 41, 5016, 5022, 5027, 5033, 5039, 5044)
(11692, 70, 5042, 5036, 5030, 5024, 5023, 5018)
(11693, 9, 5003, 5002, 5007, 5012, 5017, 5022, 5026, 5037, 5047)
(11694, 147, 5030, 5024, 5023, 5018, 5012, 5006, 5000)
(11695, 122, 5030, 5041, 5051)
(11696, 53, 5026, 5016, 5005)
(11697, 1, 5026, 5037, 5047)
(11698, 2, 5040, 5029, 5019)
(11699, 2, 5021, 5025, 5024, 5023, 5028, 5039, 5049, 5054, 5053)
(11700, 1, 5002, 5007, 5012, 5017, 5027, 5038, 5048)
(11701, 53, 5026, 5016, 5005)
(11702, 76, 5009, 5014, 5019, 5029, 5040, 5050)
(11703, 4, 5028, 5018, 5012, 5006, 5000)
(11704, 137, 5030, 5036, 5042, 5052)
(11705, 1, 5024, 5030, 5041, 5051)
(11706, 4, 5029, 5040, 5050)
(11707, 38, 5016, 5022, 5027, 5033, 5039, 5049)
(11708, 24, 5016, 5022, 5027, 5038)
(11709, 38, 5052, 5042, 5031, 5021, 5015)
(11710, 79, 5019, 5023, 5028, 5039, 5049, 5054, 5053)
(11711, 93, 5029, 5023, 5018, 5012, 5006, 5000)
(11712, 3, 5026, 5037, 5047, 5053)
(11713, 122, 5030, 5041, 5051)
(11714, 44, 5000, 5006, 5012, 5018, 5028, 5034, 5035, 5036, 5042)
(11715, 92, 5042, 5036, 5035, 5029, 5023, 5018, 5012, 5006, 5000)
(11716, 7, 5028, 5039, 5044, 5050, 5056)
(11717, 1, 5012, 5018, 5028, 5039, 5044, 5045)
(11718, 91, 5045, 5044, 5039, 5028, 5018, 5012, 5011)
(11719, 53, 5026, 5016, 5005)
(11720, 75, 5006, 5012, 5018, 5028, 5039, 5044)
(11721, 45, 5039, 5028, 5018, 5007, 5002, 5003)
(11722, 22, 5016, 5026, 5037, 5047, 5053)
(11723, 104, 5008, 5019, 5024, 5030)
(11724, 44, 5021, 5031, 5042)
(11725, 104, 5019, 5024, 5030, 5036, 5042, 5052)
(11726, 4, 5026, 5037, 5047)
(11727, 59, 5000, 5006, 5012, 5018, 5023, 5024, 5030, 5036)
(11728, 93, 5036, 5035, 5029, 5023, 5018, 5012, 5006, 5000)
(11729, 2, 5047, 5037, 5026, 5016, 5005)
(11730, 75, 5006, 5012, 5018, 5028, 5039, 5044, 5045)
(11731, 9, 5049, 5039, 5028, 5018, 5007)
(11732, 43, 5052, 5042, 5031, 5021, 5015)
(11733, 37, 5027, 5033, 5039, 5049)
(11734, 5, 5028, 5018, 5007)
(11735, 5, 5041, 5030, 5024, 5019, 5008)
(11736, 7, 5051, 5046, 5042, 5031, 5021, 5015, 5009)
(11737, 90, 5050, 5044, 5039, 5028, 5018, 5012, 5006)
(11738, 9, 5002, 5007, 5012, 5017, 5027, 5038)
(11739, 80, 5019, 5029, 5040)
(11740, 70, 5036, 5030, 5024, 5023, 5018, 5007)
(11741, 47, 5027, 5033, 5039, 5044, 5050, 5056, 5057)
(11742, 45, 5010, 5021, 5031, 5042)
(11743, 25, 5027, 5038, 5048)
(11744, 2, 5028, 5018, 5007)
(11745, 64, 5051, 5041, 5035, 5029, 5019, 5008)
(11746, 54, 5036, 5030, 5024, 5019, 5008)
(11747, 1, 5008, 5019, 5024, 5030, 5041, 5051)
(11748, 37, 5027, 5017, 5006)
(11749, 41, 5016, 5022, 5027, 5033, 5039, 5049)
(11750, 4, 5017, 5027, 5038)
(11751, 5, 5040, 5029, 5019, 5014, 5009)
(11752, 23, 5052, 5046, 5045, 5044, 5039, 5033, 5027, 5022)
(11753, 60, 5022, 5027, 5033, 5039, 5044, 5050, 5056)
(11754, 105, 5019, 5029, 5035, 5036, 5042, 5052)
(11755, 7, 5000, 5006, 5017, 5027, 5038)
(11756, 47, 5031, 5021, 5010)
(11757, 45, 5010, 5021, 5031, 5042)
(11758, 5, 5029, 5040, 5050)
(11759, 109, 5031, 5042, 5052)
(11760, 123, 5052, 5042, 5036, 5035, 5029, 5023, 5018, 5012)
(11761, 47, 5031, 5021, 5015, 5009)
(11762, 75, 5006, 5012, 5018, 5028, 5039, 5044)
(11763, 91, 5045, 5044, 5039, 5028, 5018, 5012, 5011)
(11764, 2, 5047, 5037, 5026, 5022, 5017, 5012, 5007, 5002)
(11765, 46, 5047, 5037, 5026, 5022, 5017, 5012, 5007, 5002, 5003, 5004)
(11766, 75, 5006, 5012, 5018, 5028, 5039, 5044, 5050, 5056)
(11767, 45, 5016, 5022, 5027, 5033, 5039, 5044, 5045)
(11768, 2, 5044, 5039, 5028, 5018, 5012, 5006)
(11769, 1, 5000, 5006, 5012, 5018, 5028, 5039, 5044, 5050)
(11770, 29, 5018, 5028, 5039, 5049)
(11771, 90, 5028, 5018, 5012, 5006, 5000)
(11772, 77, 5006, 5012, 5018, 5028, 5039, 5044, 5050, 5056)
(11773, 88, 5007, 5018, 5028)
(11774, 1, 5048, 5038, 5027, 5017, 5012)
(11775, 39, 5038, 5027, 5017)
(11776, 88, 5007, 5018, 5028, 5039)
(11777, 80, 5019, 5029, 5040)
(11778, 82, 5019, 5023, 5028, 5039, 5049, 5054, 5053)
(11779, 90, 5044, 5039, 5028, 5018, 5012, 5006, 5000)
(11780, 41, 5038, 5027, 5017, 5012, 5007, 5002)
(11781, 2, 5012, 5018, 5023, 5029, 5035, 5036, 5042, 5052)
(11782, 3, 5036, 5035, 5029, 5023, 5018, 5012, 5006)
(11783, 2, 5047, 5037, 5026, 5022, 5017, 5012, 5007, 5002, 5003)
(11784, 2, 5029, 5040, 5050)
(11785, 41, 5038, 5027, 5017, 5012, 5007, 5002)
(11786, 91, 5045, 5044, 5039, 5028, 5018, 5012)
(11787, 39, 5050, 5044, 5039, 5028)
(11788, 10, 5009, 5020, 5024, 5029, 5040, 5050)
(11789, 1, 5039, 5028, 5018, 5007)
(11790, 46, 5037, 5026, 5022, 5017, 5012, 5007, 5002, 5003)
(11791, 70, 5042, 5036, 5030, 5024, 5023, 5018, 5007)
(11792, 43, 5038, 5027, 5017, 5012, 5007, 5002, 5003)
(11793, 2, 5017, 5027, 5032, 5037, 5047)
(11794, 1, 5039, 5033, 5027, 5022, 5016)
(11795, 9, 5049, 5039, 5028)
(11796, 109, 5031, 5042, 5052)
(11797, 53, 5026, 5016, 5005)
(11798, 51, 5027, 5033, 5039, 5044, 5050)
(11799, 49, 5031, 5021, 5015, 5009)
(11800, 27, 5006, 5012, 5018, 5028)
(11801, 1, 5018, 5028, 5039, 5044)
(11802, 110, 5031, 5042, 5052)
(11803, 6, 5008, 5019, 5029, 5035, 5036, 5042, 5052)
(11804, 122, 5030, 5041, 5051)
(11805, 43, 5038, 5027, 5017, 5012, 5007, 5002, 5003, 5004)
(11806, 49, 5031, 5021, 5010)
(11807, 110, 5031, 5042, 5052)
(11808, 37, 5027, 5017, 5006, 5000)
(11809, 52, 5027, 5017, 5006)
(11810, 23, 5016, 5026, 5037)
(11811, 27, 5006, 5012, 5018, 5028)
(11812, 90, 5028, 5018, 5012, 5006)
(11813, 1, 5020, 5024, 5029, 5040, 5050)
(11814, 9, 5049, 5039, 5028, 5018, 5012, 5006)
(11815, 7, 5004, 5003, 5002, 5007, 5012, 5017, 5027, 5032, 5037)
(11816, 60, 5047, 5037, 5026, 5022, 5017, 5006)
(11817, 1, 5045, 5044, 5039, 5028, 5018, 5012, 5006, 5000)
(11818, 7, 5000, 5006, 5017, 5027)
(11819, 1, 5000, 5006, 5012, 5018, 5023, 5024, 5030)
(11820, 88, 5007, 5018, 5028, 5039, 5044)
(11821, 92, 5042, 5036, 5030, 5024, 5023, 5018, 5012, 5011)
(11822, 52, 5027, 5033, 5039, 5044, 5050)
(11823, 104, 5006, 5012, 5018, 5023, 5024, 5030)
(11824, 53, 5047, 5037, 5026, 5016, 5005)
(11825, 1, 5024, 5030, 5041, 5051)
(11826, 44, 5021, 5031, 5042)
(11827, 123, 5029, 5023, 5018, 5012, 5006, 5000)
(11828, 74, 5029, 5023, 5018, 5007)
(11829, 24, 5016, 5026, 5037, 5047, 5053)
(11830, 2, 5036, 5035, 5029, 5023, 5018, 5012, 5006, 5000)
(11831, 68, 5006, 5012, 5018, 5023, 5029)
(11832, 2, 5026, 5037, 5047)
(11833, 53, 5037, 5026, 5016)
(11834, 60, 5022, 5027, 5033, 5039, 5044, 5050, 5056, 5057)
(11835, 46, 5021, 5031, 5042, 5046, 5051, 5056)
(11836, 1, 5004, 5003, 5002, 5007, 5012, 5017, 5027, 5032, 5037, 5047)
(11837, 2, 5027, 5017, 5006, 5000)
(11838, 91, 5045, 5044, 5039, 5028, 5018, 5012)
(11839, 25, 5016, 5022, 5027, 5038)
(11840, 90, 5028, 5018, 5012, 5006)
(11841, 111, 5031, 5042, 5052)
(11842, 77, 5052, 5042, 5036, 5030, 5024, 5023, 5018, 5007)
(11843, 52, 5027, 5033, 5034, 5035, 5036, 5042, 5052)
(11844, 90, 5028, 5018, 5012, 5006)
(11845, 91, 5044, 5039, 5028, 5018, 5012, 5006, 5000)
(11846, 34, 5022, 5027, 5033, 5039, 5044, 5050)
(11847, 91, 5044, 5039, 5028, 5018, 5012, 5006)
(11848, 4, 5017, 5027, 5032, 5037, 5047)
(11849, 3, 5053, 5054, 5049, 5039, 5028, 5023, 5019)
(11850, 111, 5031, 5042, 5052)
(11851, 115, 5031, 5042, 5052)
(11852, 77, 5006, 5012, 5018, 5023, 5029, 5035, 5036, 5042)
(11853, 44, 5000, 5006, 5012, 5018, 5028, 5039, 5044, 5050, 5056)
(11854, 45, 5010, 5021, 5031, 5042, 5052)
(11855, 15, 5028, 5018, 5007)
(11856, 58, 5024, 5030, 5036, 5042, 5052)
(11857, 1, 5000, 5006, 5012, 5018, 5028, 5039, 5049)
(11858, 43, 5042, 5031, 5021)
(11859, 2, 5012, 5018, 5028, 5039, 5044, 5045)
(11860, 105, 5019, 5024, 5030, 5036, 5042, 5052)
(11861, 123, 5030, 5041, 5051)
(11862, 46, 5021, 5031, 5042, 5046, 5051, 5056)
(11863, 88, 5007, 5018, 5028, 5039)
(11864, 146, 5019, 5024, 5030, 5036, 5042)
(11865, 2, 5017, 5027, 5038, 5048)
(11866, 3, 5012, 5018, 5023, 5024, 5030, 5036, 5042)
(11867, 23, 5052, 5046, 5045, 5044, 5039, 5033, 5027)
(11868, 53, 5026, 5016, 5005)
(11869, 1, 5000, 5006, 5012, 5018, 5028, 5039)
(11870, 74, 5029, 5023, 5018, 5007)
(11871, 2, 5023, 5029, 5035, 5036, 5042, 5052)
(11872, 43, 5038, 5027, 5017, 5012, 5007)
(11873, 74, 5029, 5023, 5018, 5007)
(11874, 44, 5038, 5027, 5017, 5012, 5007, 5002, 5003)
(11875, 8, 5028, 5039, 5049)
(11876, 9, 5049, 5039, 5028, 5018)
(11877, 4, 5020, 5030, 5041)
(11878, 52, 5027, 5017, 5006, 5000)
(11879, 15, 5028, 5018, 5007)
(11880, 1, 5007, 5012, 5017, 5027, 5032, 5037)
(11881, 77, 5006, 5012, 5018, 5028, 5039, 5044, 5050, 5056)
(11882, 88, 5007, 5018, 5028, 5039, 5044, 5045)
(11883, 36, 5000, 5006, 5012, 5018, 5028, 5039)
(11884, 23, 5052, 5046, 5045, 5044, 5039, 5033, 5027)
(11885, 34, 5022, 5027, 5033, 5039, 5044, 5050)
(11886, 7, 5045, 5046, 5042, 5031, 5021, 5010)
(11887, 28, 5016, 5026, 5037, 5043, 5048, 5054)
(11888, 70, 5021, 5025, 5024, 5023, 5028, 5039, 5049, 5054)
(11889, 3, 5036, 5035, 5029, 5023, 5018, 5007)
(11890, 2, 5005, 5016, 5026)
(11891, 45, 5048, 5038, 5027, 5017, 5006)
(11892, 60, 5000, 5006, 5012, 5018, 5023, 5024, 5030, 5036, 5042, 5052)
(11893, 90, 5028, 5018, 5012, 5006)
(11894, 90, 5039, 5028, 5018, 5012, 5011)
(11895, 78, 5052, 5042, 5036, 5030, 5024, 5023, 5018)
(11896, 44, 5021, 5031, 5042)
(11897, 46, 5037, 5026, 5022, 5017, 5012, 5007)
(11898, 45, 5037, 5032, 5027, 5017, 5006)
(11899, 1, 5039, 5028, 5018, 5012, 5006, 5000)
(11900, 5, 5026, 5037, 5047)
(11901, 8, 5002, 5007, 5018, 5028, 5039)
(11902, 46, 5037, 5026, 5022, 5017, 5012, 5007)
(11903, 4, 5020, 5030, 5036, 5042, 5052)
(11904, 18, 5037, 5032, 5027, 5017, 5012, 5007)
(11905, 45, 5038, 5027, 5017, 5006, 5000)
(11906, 70, 5021, 5025, 5024, 5023, 5028, 5039, 5049)
(11907, 44, 5011, 5012, 5018, 5023, 5029, 5035, 5036, 5042)
(11908, 115, 5031, 5042, 5052)
(11909, 60, 5023, 5024, 5030, 5036, 5042, 5052)
(11910, 88, 5007, 5018, 5028, 5039)
(11911, 104, 5006, 5012, 5018, 5023, 5024, 5030, 5036)
(11912, 7, 5050, 5045, 5046, 5042, 5031, 5021, 5010)
(11913, 1, 5045, 5044, 5039, 5028, 5018, 5012, 5006)
(11914, 7, 5050, 5045, 5046, 5042, 5031, 5021)
(11915, 57, 5012, 5018, 5023, 5024, 5030, 5036, 5042, 5052)
(11916, 1, 5018, 5028, 5039, 5044, 5045)
(11917, 2, 5046, 5042, 5031, 5021, 5015, 5009)
(11918, 52, 5027, 5017, 5006)
(11919, 90, 5051, 5041, 5035, 5029, 5023, 5018, 5012, 5006, 5000)
(11920, 43, 5000, 5006, 5012, 5018, 5028, 5039, 5044)
(11921, 5, 5041, 5035, 5029, 5023, 5018, 5012, 5006, 5000)
(11922, 81, 5019, 5029, 5035, 5041, 5051)
(11923, 92, 5045, 5044, 5039, 5028, 5018, 5012)
(11924, 59, 5024, 5030, 5036, 5042, 5052)
(11925, 1, 5018, 5028, 5039, 5044, 5050)
(11926, 92, 5042, 5036, 5030, 5024, 5023, 5018, 5012, 5011)
(11927, 53, 5027, 5033, 5039, 5044, 5050, 5056, 5057)
(11928, 90, 5039, 5028, 5018, 5012)
(11929, 59, 5024, 5030, 5036, 5042, 5052)
(11930, 10, 5003, 5002, 5007, 5012, 5017, 5022, 5026, 5037, 5047)
(11931, 137, 5030, 5036, 5042, 5052)
(11932, 123, 5029, 5023, 5018, 5012, 5006, 5000)
(11933, 8, 5028, 5039, 5044, 5050)
(11934, 54, 5026, 5016, 5005)
(11935, 6, 5026, 5037, 5047)
(11936, 45, 5016, 5022, 5027, 5033, 5039, 5044, 5050)
(11937, 70, 5051, 5041, 5035, 5029, 5023, 5018, 5007)
(11938, 1, 5036, 5030, 5024, 5019, 5008)
(11939, 52, 5027, 5017, 5006, 5000)
(11940, 92, 5045, 5044, 5039, 5028, 5018, 5012, 5006, 5000)
(11941, 82, 5019, 5029, 5040, 5050)
(11942, 8, 5028, 5039, 5044, 5050, 5056)
(11943, 4, 5020, 5030, 5041, 5051)
(11944, 43, 5052, 5042, 5031, 5021, 5015)
(11945, 64, 5036, 5035, 5029, 5019, 5008)
(11946, 138, 5030, 5036, 5042, 5052)
(11947, 70, 5021, 5025, 5024, 5023, 5028, 5039, 5049, 5054)
(11948, 6, 5040, 5029, 5019, 5008)
(11949, 52, 5027, 5017, 5006)
(11950, 5, 5020, 5030, 5036, 5042)
(11951, 78, 5052, 5042, 5036, 5030, 5024, 5023, 5018, 5007)
(11952, 147, 5030, 5024, 5023, 5018, 5012, 5006, 5000)
(11953, 31, 5006, 5017, 5027, 5038)
(11954, 44, 5052, 5042, 5031, 5021, 5015, 5009)
(11955, 34, 5012, 5018, 5028, 5039)
(11956, 74, 5042, 5036, 5030, 5024, 5023, 5018)
(11957, 70, 5021, 5025, 5024, 5023, 5028, 5039, 5049)
(11958, 54, 5026, 5016, 5005)
(11959, 38, 5024, 5030, 5041, 5051)
(11960, 26, 5052, 5042, 5036, 5030)
(11961, 92, 5042, 5036, 5030, 5024, 5023, 5018, 5012, 5011)
(11962, 44, 5052, 5042, 5031, 5021, 5015, 5009)
(11963, 1, 5029, 5035, 5041, 5051)
(11964, 11, 5051, 5041, 5030)
(11965, 7, 5020, 5024, 5023, 5028, 5039, 5049)
(11966, 90, 5028, 5018, 5012, 5006, 5000)
(11967, 45, 5028, 5018, 5007)
(11968, 150, 5030, 5024, 5023, 5018, 5012, 5006, 5000)
(11969, 95, 5052, 5042, 5036, 5030, 5024, 5023, 5018, 5012, 5011)
(11970, 9, 5002, 5007, 5012, 5017, 5027, 5032, 5037)
(11971, 1, 5051, 5046, 5042, 5031, 5021, 5010)
(11972, 123, 5029, 5023, 5018, 5012, 5006, 5000)
(11973, 2, 5048, 5038, 5027, 5017, 5012)
(11974, 45, 5016, 5022, 5027, 5033, 5039, 5044)
(11975, 3, 5036, 5035, 5029, 5023, 5018, 5012, 5006, 5000)
(11976, 91, 5028, 5018, 5012, 5006, 5000)
(11977, 5, 5020, 5030, 5036, 5042)
(11978, 5, 5050, 5040, 5029, 5019)
(11979, 3, 5046, 5042, 5031, 5021, 5010)
(11980, 93, 5036, 5030, 5024, 5023, 5018, 5012, 5006)
(11981, 29, 5022, 5027, 5033, 5039, 5049)
(11982, 25, 5027, 5038, 5048)
(11983, 150, 5030, 5024, 5023, 5018, 5012, 5006, 5000)
(11984, 7, 5020, 5024, 5023, 5028, 5039, 5049, 5054, 5053)
(11985, 1, 5029, 5035, 5041, 5051)
(11986, 3, 5004, 5009, 5020, 5024, 5023, 5028, 5039, 5049, 5054)
(11987, 45, 5039, 5028, 5018, 5007)
(11988, 125, 5030, 5041, 5051)
(11989, 46, 5047, 5037, 5026, 5022, 5017, 5012)
(11990, 79, 5006, 5012, 5018, 5028, 5039, 5044, 5045)
(11991, 54, 5026, 5016, 5005)
(11992, 104, 5007, 5018, 5023, 5024, 5030, 5036, 5042)
(11993, 44, 5021, 5031, 5042)
(11994, 6, 5008, 5019, 5029, 5035, 5041, 5051)
(11995, 1, 5020, 5024, 5023, 5028, 5039, 5049, 5054, 5053)
(11996, 45, 5028, 5018, 5007)
(11997, 9, 5049, 5039, 5028, 5023, 5024, 5025, 5021)
(11998, 3, 5029, 5040, 5050)
(11999, 23, 5050, 5044, 5039, 5033, 5027)
(12000, 1, 5049, 5039, 5028, 5018, 5012)
(12001, 43, 5000, 5006, 5012, 5018, 5028, 5039, 5044)
(12002, 123, 5029, 5023, 5018, 5012, 5006)
(12003, 38, 5024, 5030, 5041, 5051)
(12004, 43, 5046, 5042, 5031, 5021, 5010)
(12005, 125, 5030, 5041, 5051)
(12006, 138, 5030, 5036, 5042, 5052)
(12007, 46, 5010, 5021, 5031, 5042)
(12008, 45, 5049, 5039, 5028, 5018, 5007, 5002)
(12009, 1, 5050, 5044, 5039, 5028, 5018, 5012, 5006)
(12010, 125, 5030, 5041, 5051)
(12011, 147, 5029, 5023, 5018, 5012, 5006)
(12012, 79, 5006, 5012, 5018, 5028, 5039, 5044, 5050)
(12013, 45, 5028, 5018, 5007)
(12014, 7, 5020, 5024, 5023, 5028, 5039, 5049)
(12015, 127, 5030, 5041, 5051)
(12016, 46, 5016, 5022, 5027, 5033, 5039, 5049)
(12017, 139, 5030, 5036, 5042, 5052)
(12018, 46, 5010, 5021, 5031, 5042, 5046, 5045)
(12019, 7, 5026, 5037, 5047)
(12020, 1, 5003, 5002, 5007, 5012, 5017, 5027, 5038)
(12021, 8, 5028, 5039, 5049)
(12022, 3, 5011, 5012, 5018, 5023, 5024, 5030, 5036, 5042)
(12023, 55, 5026, 5016, 5005)
(12024, 74, 5029, 5023, 5018, 5007)
(12025, 46, 5016, 5022, 5027, 5033, 5039, 5044)
(12026, 90, 5039, 5028, 5018, 5012, 5006)
(12027, 82, 5019, 5023, 5028, 5039, 5049, 5054)
(12028, 82, 5019, 5023, 5028, 5039, 5049)
(12029, 80, 5006, 5012, 5018, 5028, 5039, 5044, 5050)
(12030, 105, 5007, 5018, 5023, 5024, 5030, 5036, 5042, 5052)
(12031, 46, 5010, 5021, 5031, 5042, 5046)
(12032, 46, 5047, 5037, 5026, 5022, 5017, 5012, 5013, 5014)
(12033, 55, 5027, 5017, 5006, 5000)
(12034, 53, 5038, 5027, 5022, 5016)
(12035, 139, 5030, 5036, 5042, 5052)
(12036, 46, 5010, 5021, 5031, 5042, 5046, 5051, 5056)
(12037, 45, 5028, 5018, 5007)
(12038, 105, 5007, 5018, 5023, 5024, 5030, 5036, 5042)
(12039, 146, 5019, 5024, 5030, 5041)
(12040, 1, 5028, 5039, 5044, 5050)
(12041, 82, 5019, 5023, 5028, 5039, 5049)
(12042, 76, 5009, 5014, 5019, 5029, 5040)
(12043, 1, 5022, 5027, 5033, 5039, 5044, 5050, 5056)
(12044, 6, 5049, 5044, 5040, 5029, 5019)
(12045, 58, 5022, 5027, 5033, 5034, 5035, 5036, 5042, 5052)
(12046, 55, 5026, 5016, 5005)
(12047, 46, 5050, 5044, 5039, 5033, 5032, 5026)